HOH angle [deg]
1.035988616943359375e+02
1.035988464355468750e+02
1.035989379882812500e+02
1.035989074707031250e+02
1.035989227294921875e+02
1.035989379882812500e+02
1.035989379882812500e+02
1.035989303588867188e+02
1.035988464355468750e+02
1.035989151000976562e+02
1.035988998413085938e+02
1.035989685058593750e+02
1.035989990234375000e+02
1.035988998413085938e+02
1.035988006591796875e+02
1.035990524291992188e+02
1.035989379882812500e+02
1.035989227294921875e+02
1.035989151000976562e+02
1.035990219116210938e+02
1.035989074707031250e+02
1.035989379882812500e+02
1.035988769531250000e+02
1.035988998413085938e+02
1.035988388061523438e+02
1.035989379882812500e+02
1.035989303588867188e+02
1.035989990234375000e+02
1.035988998413085938e+02
1.035989685058593750e+02
1.035988998413085938e+02
1.035987548828125000e+02
1.035988998413085938e+02
1.035989608764648438e+02
1.035989913940429688e+02
1.035991134643554688e+02
1.035989990234375000e+02
1.035989761352539062e+02
1.035989456176757812e+02
1.035988845825195312e+02
1.035988922119140625e+02
1.035988998413085938e+02
1.035989227294921875e+02
1.035988845825195312e+02
1.035989685058593750e+02
1.035989074707031250e+02
1.035989837646484375e+02
1.035988998413085938e+02
1.035989227294921875e+02
1.035989761352539062e+02
1.035989608764648438e+02
1.035989456176757812e+02
1.035989761352539062e+02
1.035988922119140625e+02
1.035988998413085938e+02
1.035989608764648438e+02
1.035990371704101562e+02
1.035989685058593750e+02
1.035988388061523438e+02
1.035989456176757812e+02
1.035989456176757812e+02
1.035989761352539062e+02
1.035990219116210938e+02
1.035989685058593750e+02
1.035989074707031250e+02
1.035988998413085938e+02
1.035988998413085938e+02
1.035988845825195312e+02
1.035988464355468750e+02
1.035989227294921875e+02
1.035988845825195312e+02
1.035990142822265625e+02
1.035988693237304688e+02
1.035988922119140625e+02
1.035988769531250000e+02
1.035988845825195312e+02
1.035988845825195312e+02
1.035990142822265625e+02
1.035988845825195312e+02
1.035989837646484375e+02
1.035989303588867188e+02
1.035988998413085938e+02
1.035988998413085938e+02
1.035989608764648438e+02
1.035989303588867188e+02
1.035988082885742188e+02
1.035988693237304688e+02
1.035990295410156250e+02
1.035988998413085938e+02
1.035989837646484375e+02
1.035989685058593750e+02
1.035990142822265625e+02
1.035989456176757812e+02
1.035989685058593750e+02
1.035988693237304688e+02
1.035989685058593750e+02
1.035989227294921875e+02
1.035989456176757812e+02
1.035989837646484375e+02
1.035989303588867188e+02
1.035989379882812500e+02
1.035989990234375000e+02
1.035989456176757812e+02
1.035989990234375000e+02
1.035990142822265625e+02
1.035989227294921875e+02
1.035989456176757812e+02
1.035990219116210938e+02
1.035989685058593750e+02
1.035989990234375000e+02
1.035989303588867188e+02
1.035989761352539062e+02
1.035989608764648438e+02
1.035989227294921875e+02
1.035989608764648438e+02
1.035989990234375000e+02
1.035988006591796875e+02
1.035989151000976562e+02
1.035988540649414062e+02
1.035989990234375000e+02
1.035989608764648438e+02
1.035989227294921875e+02
1.035989074707031250e+02
1.035988845825195312e+02
1.035988998413085938e+02
1.035989074707031250e+02
1.035988769531250000e+02
1.035989532470703125e+02
1.035989761352539062e+02
1.035988998413085938e+02
1.035989074707031250e+02
1.035989303588867188e+02
1.035988922119140625e+02
1.035989151000976562e+02
1.035988388061523438e+02
1.035988769531250000e+02
1.035989837646484375e+02
1.035988769531250000e+02
1.035989913940429688e+02
1.035989074707031250e+02
1.035989151000976562e+02
1.035988769531250000e+02
1.035989685058593750e+02
1.035988922119140625e+02
1.035989532470703125e+02
1.035989074707031250e+02
1.035989685058593750e+02
1.035989456176757812e+02
1.035989532470703125e+02
1.035989227294921875e+02
1.035988082885742188e+02
1.035990066528320312e+02
1.035990447998046875e+02
1.035989303588867188e+02
1.035988540649414062e+02
1.035989685058593750e+02
1.035989303588867188e+02
1.035988845825195312e+02
1.035989074707031250e+02
1.035989379882812500e+02
1.035989303588867188e+02
1.035988922119140625e+02
1.035989074707031250e+02
1.035989608764648438e+02
1.035988998413085938e+02
1.035988998413085938e+02
1.035990371704101562e+02
1.035989303588867188e+02
1.035988540649414062e+02
1.035989685058593750e+02
1.035988769531250000e+02
1.035989227294921875e+02
1.035988388061523438e+02
1.035989990234375000e+02
1.035987472534179688e+02
1.035988769531250000e+02
1.035988998413085938e+02
1.035990676879882812e+02
1.035988998413085938e+02
1.035988006591796875e+02
1.035989837646484375e+02
1.035990142822265625e+02
1.035989227294921875e+02
1.035988388061523438e+02
1.035989608764648438e+02
1.035989074707031250e+02
1.035989151000976562e+02
1.035988388061523438e+02
1.035990295410156250e+02
1.035989608764648438e+02
1.035989685058593750e+02
1.035989837646484375e+02
1.035989990234375000e+02
1.035988998413085938e+02
1.035990295410156250e+02
1.035988998413085938e+02
1.035989303588867188e+02
1.035989151000976562e+02
1.035988464355468750e+02
1.035989608764648438e+02
1.035989227294921875e+02
1.035989227294921875e+02
1.035989990234375000e+02
1.035988082885742188e+02
1.035989227294921875e+02
1.035988922119140625e+02
1.035989532470703125e+02
1.035989074707031250e+02
1.035989837646484375e+02
1.035988922119140625e+02
1.035988616943359375e+02
1.035989532470703125e+02
1.035988159179687500e+02
1.035988998413085938e+02
1.035988311767578125e+02
1.035987625122070312e+02
1.035989379882812500e+02
1.035988540649414062e+02
1.035990142822265625e+02
1.035989456176757812e+02
1.035989685058593750e+02
1.035989685058593750e+02
1.035990066528320312e+02
1.035990447998046875e+02
1.035989151000976562e+02
1.035989074707031250e+02
1.035989532470703125e+02
1.035989227294921875e+02
1.035989685058593750e+02
1.035988998413085938e+02
1.035988235473632812e+02
1.035988616943359375e+02
1.035989837646484375e+02
1.035988616943359375e+02
1.035988388061523438e+02
1.035989303588867188e+02
1.035989532470703125e+02
1.035989761352539062e+02
1.035990066528320312e+02
1.035988998413085938e+02
1.035989227294921875e+02
1.035989456176757812e+02
1.035989532470703125e+02
1.035989685058593750e+02
1.035989456176757812e+02
1.035989990234375000e+02
1.035989379882812500e+02
1.035989074707031250e+02
1.035989532470703125e+02
1.035989456176757812e+02
1.035989151000976562e+02
1.035988159179687500e+02
1.035989532470703125e+02
1.035988998413085938e+02
1.035988998413085938e+02
1.035989379882812500e+02
1.035989837646484375e+02
1.035989685058593750e+02
1.035989379882812500e+02
1.035989227294921875e+02
1.035988311767578125e+02
1.035988922119140625e+02
1.035988464355468750e+02
1.035989761352539062e+02
1.035989303588867188e+02
1.035989074707031250e+02
1.035989685058593750e+02
1.035988769531250000e+02
1.035988311767578125e+02
1.035989685058593750e+02
1.035988616943359375e+02
1.035989685058593750e+02
1.035989379882812500e+02
1.035989151000976562e+02
1.035989379882812500e+02
1.035988922119140625e+02
1.035989379882812500e+02
1.035989151000976562e+02
1.035988616943359375e+02
1.035989303588867188e+02
1.035988998413085938e+02
1.035989761352539062e+02
1.035988769531250000e+02
1.035989074707031250e+02
1.035989456176757812e+02
1.035988922119140625e+02
1.035989456176757812e+02
1.035988998413085938e+02
1.035989074707031250e+02
1.035989379882812500e+02
1.035988693237304688e+02
1.035990295410156250e+02
1.035988998413085938e+02
1.035989379882812500e+02
1.035989837646484375e+02
1.035988998413085938e+02
1.035988540649414062e+02
1.035989227294921875e+02
1.035989837646484375e+02
1.035989303588867188e+02
1.035989532470703125e+02
1.035988693237304688e+02
1.035989837646484375e+02
1.035988693237304688e+02
1.035989151000976562e+02
1.035989227294921875e+02
1.035989685058593750e+02
1.035989608764648438e+02
1.035989837646484375e+02
1.035989303588867188e+02
1.035988998413085938e+02
1.035989990234375000e+02
1.035988464355468750e+02
1.035988998413085938e+02
1.035989685058593750e+02
1.035989227294921875e+02
1.035989303588867188e+02
1.035988693237304688e+02
1.035988769531250000e+02
1.035988388061523438e+02
1.035989227294921875e+02
1.035988998413085938e+02
1.035989227294921875e+02
1.035990982055664062e+02
1.035989685058593750e+02
1.035989227294921875e+02
1.035989303588867188e+02
1.035989227294921875e+02
1.035989379882812500e+02
1.035987701416015625e+02
1.035989990234375000e+02
1.035989379882812500e+02
1.035989685058593750e+02
1.035989761352539062e+02
1.035989761352539062e+02
1.035989685058593750e+02
1.035989379882812500e+02
1.035988998413085938e+02
1.035990066528320312e+02
1.035988922119140625e+02
1.035988922119140625e+02
1.035988388061523438e+02
1.035989151000976562e+02
1.035989532470703125e+02
1.035988922119140625e+02
1.035989303588867188e+02
1.035990295410156250e+02
1.035989074707031250e+02
1.035989532470703125e+02
1.035989227294921875e+02
1.035990066528320312e+02
1.035988693237304688e+02
1.035987701416015625e+02
1.035988998413085938e+02
1.035989761352539062e+02
1.035988769531250000e+02
1.035988922119140625e+02
1.035988845825195312e+02
1.035988540649414062e+02
1.035988693237304688e+02
1.035988159179687500e+02
1.035989151000976562e+02
1.035989303588867188e+02
1.035989837646484375e+02
1.035989685058593750e+02
1.035988388061523438e+02
1.035987854003906250e+02
1.035989685058593750e+02
1.035989913940429688e+02
1.035989456176757812e+02
1.035989685058593750e+02
1.035989837646484375e+02
1.035989685058593750e+02
1.035990066528320312e+02
1.035988998413085938e+02
1.035989227294921875e+02
1.035988540649414062e+02
1.035988998413085938e+02
1.035990524291992188e+02
1.035989532470703125e+02
1.035989379882812500e+02
1.035988540649414062e+02
1.035989532470703125e+02
1.035988845825195312e+02
1.035988845825195312e+02
1.035988998413085938e+02
1.035990295410156250e+02
1.035989303588867188e+02
1.035989685058593750e+02
1.035989685058593750e+02
1.035988540649414062e+02
1.035988998413085938e+02
1.035989685058593750e+02
1.035988922119140625e+02
1.035989379882812500e+02
1.035988693237304688e+02
1.035989532470703125e+02
1.035989532470703125e+02
1.035988922119140625e+02
1.035989227294921875e+02
1.035989456176757812e+02
1.035989227294921875e+02
1.035989608764648438e+02
1.035990295410156250e+02
1.035988769531250000e+02
1.035989456176757812e+02
1.035990066528320312e+02
1.035989608764648438e+02
1.035988998413085938e+02
1.035989608764648438e+02
1.035988693237304688e+02
1.035990524291992188e+02
1.035988769531250000e+02
1.035989074707031250e+02
1.035988693237304688e+02
1.035989913940429688e+02
1.035989456176757812e+02
1.035990295410156250e+02
1.035988998413085938e+02
1.035988693237304688e+02
1.035990219116210938e+02
1.035988998413085938e+02
1.035988998413085938e+02
1.035989456176757812e+02
1.035989074707031250e+02
1.035989379882812500e+02
1.035989227294921875e+02
1.035989608764648438e+02
1.035989303588867188e+02
1.035988998413085938e+02
1.035988922119140625e+02
1.035989227294921875e+02
1.035989151000976562e+02
1.035989608764648438e+02
1.035988998413085938e+02
1.035988006591796875e+02
1.035989685058593750e+02
1.035989074707031250e+02
1.035989074707031250e+02
1.035989837646484375e+02
1.035988922119140625e+02
1.035989532470703125e+02
1.035989532470703125e+02
1.035989227294921875e+02
1.035990295410156250e+02
1.035988998413085938e+02
1.035988693237304688e+02
1.035988388061523438e+02
1.035990066528320312e+02
1.035989456176757812e+02
1.035988845825195312e+02
1.035988540649414062e+02
1.035989379882812500e+02
1.035989074707031250e+02
1.035988693237304688e+02
1.035987625122070312e+02
1.035989151000976562e+02
1.035989303588867188e+02
1.035989227294921875e+02
1.035989456176757812e+02
1.035989456176757812e+02
1.035989456176757812e+02
1.035989685058593750e+02
1.035988616943359375e+02
1.035989303588867188e+02
1.035988998413085938e+02
1.035988922119140625e+02
1.035989913940429688e+02
1.035988769531250000e+02
1.035988998413085938e+02
1.035989608764648438e+02
1.035989074707031250e+02
1.035988693237304688e+02
1.035989379882812500e+02
1.035988998413085938e+02
1.035989074707031250e+02
1.035989379882812500e+02
1.035989913940429688e+02
1.035989990234375000e+02
1.035988616943359375e+02
1.035987854003906250e+02
1.035988693237304688e+02
1.035988998413085938e+02
1.035989532470703125e+02
1.035989379882812500e+02
1.035989227294921875e+02
1.035990295410156250e+02
1.035988769531250000e+02
1.035989151000976562e+02
1.035989685058593750e+02
1.035990142822265625e+02
1.035988616943359375e+02
1.035989532470703125e+02
1.035988998413085938e+02
1.035989761352539062e+02
1.035988845825195312e+02
1.035989532470703125e+02
1.035989456176757812e+02
1.035989990234375000e+02
1.035988616943359375e+02
1.035988845825195312e+02
1.035989074707031250e+02
1.035988616943359375e+02
1.035989532470703125e+02
1.035988998413085938e+02
1.035988769531250000e+02
1.035989227294921875e+02
1.035989761352539062e+02
1.035989303588867188e+02
1.035988388061523438e+02
1.035989608764648438e+02
1.035989074707031250e+02
1.035988998413085938e+02
1.035988540649414062e+02
1.035988998413085938e+02
1.035988998413085938e+02
1.035988082885742188e+02
1.035989532470703125e+02
1.035989227294921875e+02
1.035989379882812500e+02
1.035989379882812500e+02
1.035989913940429688e+02
1.035989227294921875e+02
1.035988235473632812e+02
1.035988693237304688e+02
1.035988998413085938e+02
1.035989456176757812e+02
1.035989608764648438e+02
1.035989608764648438e+02
1.035989685058593750e+02
1.035988311767578125e+02
1.035989837646484375e+02
1.035990066528320312e+02
1.035990295410156250e+02
1.035989379882812500e+02
1.035988998413085938e+02
1.035989151000976562e+02
1.035989532470703125e+02
1.035989685058593750e+02
1.035990676879882812e+02
1.035990066528320312e+02
1.035988922119140625e+02
1.035989532470703125e+02
1.035989532470703125e+02
1.035988922119140625e+02
1.035989685058593750e+02
1.035989456176757812e+02
1.035989303588867188e+02
1.035990447998046875e+02
1.035989685058593750e+02
1.035989608764648438e+02
1.035989379882812500e+02
1.035989532470703125e+02
1.035989379882812500e+02
1.035989685058593750e+02
1.035989227294921875e+02
1.035989608764648438e+02
1.035988845825195312e+02
1.035988540649414062e+02
1.035990295410156250e+02
1.035989685058593750e+02
1.035989456176757812e+02
1.035990219116210938e+02
1.035989608764648438e+02
1.035988998413085938e+02
1.035989532470703125e+02
1.035989379882812500e+02
1.035988616943359375e+02
1.035988922119140625e+02
1.035989074707031250e+02
1.035988769531250000e+02
1.035989303588867188e+02
1.035989532470703125e+02
1.035990142822265625e+02
1.035988235473632812e+02
1.035989227294921875e+02
1.035989303588867188e+02
1.035988998413085938e+02
1.035990295410156250e+02
1.035988540649414062e+02
1.035990142822265625e+02
1.035989685058593750e+02
1.035989303588867188e+02
1.035988693237304688e+02
1.035989074707031250e+02
1.035989456176757812e+02
1.035989151000976562e+02
1.035989685058593750e+02
1.035988464355468750e+02
1.035988388061523438e+02
1.035989151000976562e+02
1.035989685058593750e+02
1.035988693237304688e+02
1.035989227294921875e+02
1.035988998413085938e+02
1.035988922119140625e+02
1.035989303588867188e+02
1.035990295410156250e+02
1.035989837646484375e+02
1.035989608764648438e+02
1.035988464355468750e+02
1.035990524291992188e+02
1.035988998413085938e+02
1.035989151000976562e+02
1.035989227294921875e+02
1.035989608764648438e+02
1.035989151000976562e+02
1.035989532470703125e+02
1.035989456176757812e+02
1.035990905761718750e+02
1.035989761352539062e+02
1.035990753173828125e+02
1.035989532470703125e+02
1.035988998413085938e+02
1.035988922119140625e+02
1.035989608764648438e+02
1.035988998413085938e+02
1.035989151000976562e+02
1.035989761352539062e+02
1.035988464355468750e+02
1.035989227294921875e+02
1.035989685058593750e+02
1.035989532470703125e+02
1.035989837646484375e+02
1.035989532470703125e+02
1.035989074707031250e+02
1.035988769531250000e+02
1.035989151000976562e+02
1.035988922119140625e+02
1.035988845825195312e+02
1.035988922119140625e+02
1.035990295410156250e+02
1.035988616943359375e+02
1.035989761352539062e+02
1.035990295410156250e+02
1.035989761352539062e+02
1.035989151000976562e+02
1.035989379882812500e+02
1.035989379882812500e+02
1.035989151000976562e+02
1.035988998413085938e+02
1.035989151000976562e+02
1.035988693237304688e+02
1.035989379882812500e+02
1.035988998413085938e+02
1.035989532470703125e+02
1.035988616943359375e+02
1.035989227294921875e+02
1.035989837646484375e+02
1.035988998413085938e+02
1.035989227294921875e+02
1.035988693237304688e+02
1.035988922119140625e+02
1.035989379882812500e+02
1.035989837646484375e+02
1.035989913940429688e+02
1.035990829467773438e+02
1.035989913940429688e+02
1.035989456176757812e+02
1.035988769531250000e+02
1.035989685058593750e+02
1.035989990234375000e+02
1.035988693237304688e+02
1.035989456176757812e+02
1.035988311767578125e+02
1.035989303588867188e+02
1.035989379882812500e+02
1.035988616943359375e+02
1.035988540649414062e+02
1.035989456176757812e+02
1.035989456176757812e+02
1.035989379882812500e+02
1.035988998413085938e+02
1.035988693237304688e+02
1.035989379882812500e+02
1.035989685058593750e+02
1.035989456176757812e+02
1.035989303588867188e+02
1.035988388061523438e+02
1.035988845825195312e+02
1.035988311767578125e+02
1.035989608764648438e+02
1.035989532470703125e+02
1.035990066528320312e+02
1.035988693237304688e+02
1.035989379882812500e+02
1.035989761352539062e+02
1.035988922119140625e+02
1.035988998413085938e+02
1.035989227294921875e+02
1.035988388061523438e+02
1.035989227294921875e+02
1.035989379882812500e+02
1.035990524291992188e+02
1.035990676879882812e+02
1.035989379882812500e+02
1.035989303588867188e+02
1.035989761352539062e+02
1.035989227294921875e+02
1.035989608764648438e+02
1.035989532470703125e+02
1.035989761352539062e+02
1.035989608764648438e+02
1.035988922119140625e+02
1.035989685058593750e+02
1.035989456176757812e+02
1.035989227294921875e+02
1.035989761352539062e+02
1.035989685058593750e+02
1.035989074707031250e+02
1.035989685058593750e+02
1.035989151000976562e+02
1.035988693237304688e+02
1.035989303588867188e+02
1.035989456176757812e+02
1.035989608764648438e+02
1.035989151000976562e+02
1.035989151000976562e+02
1.035989074707031250e+02
1.035990600585937500e+02
1.035989608764648438e+02
1.035990524291992188e+02
1.035989837646484375e+02
1.035989227294921875e+02
1.035989761352539062e+02
1.035989532470703125e+02
1.035989685058593750e+02
1.035988998413085938e+02
1.035990371704101562e+02
1.035988693237304688e+02
1.035989837646484375e+02
1.035989685058593750e+02
1.035989303588867188e+02
1.035989532470703125e+02
1.035989074707031250e+02
1.035989379882812500e+02
1.035989227294921875e+02
1.035989227294921875e+02
1.035990066528320312e+02
1.035989685058593750e+02
1.035988769531250000e+02
1.035989913940429688e+02
1.035988159179687500e+02
1.035989685058593750e+02
1.035989456176757812e+02
1.035989685058593750e+02
1.035989227294921875e+02
1.035989913940429688e+02
1.035988998413085938e+02
1.035988998413085938e+02
1.035989456176757812e+02
1.035989761352539062e+02
1.035989837646484375e+02
1.035989532470703125e+02
1.035989761352539062e+02
1.035988693237304688e+02
1.035989913940429688e+02
1.035989151000976562e+02
1.035988693237304688e+02
1.035989456176757812e+02
1.035989913940429688e+02
1.035989837646484375e+02
1.035988388061523438e+02
1.035989303588867188e+02
1.035989227294921875e+02
1.035989532470703125e+02
1.035989456176757812e+02
1.035989685058593750e+02
1.035990066528320312e+02
1.035988922119140625e+02
1.035989151000976562e+02
1.035989303588867188e+02
1.035989685058593750e+02
1.035989837646484375e+02
1.035988616943359375e+02
1.035989074707031250e+02
1.035988693237304688e+02
1.035989456176757812e+02
1.035989837646484375e+02
1.035989685058593750e+02
1.035989761352539062e+02
1.035988769531250000e+02
1.035989151000976562e+02
1.035989456176757812e+02
1.035988616943359375e+02
1.035989227294921875e+02
1.035989151000976562e+02
1.035989456176757812e+02
1.035989761352539062e+02
1.035990142822265625e+02
1.035990066528320312e+02
1.035990142822265625e+02
1.035989379882812500e+02
1.035989379882812500e+02
1.035989303588867188e+02
1.035989227294921875e+02
1.035989227294921875e+02
1.035988998413085938e+02
1.035989303588867188e+02
1.035988845825195312e+02
1.035988388061523438e+02
1.035989837646484375e+02
1.035988845825195312e+02
1.035988998413085938e+02
1.035988311767578125e+02
1.035989990234375000e+02
1.035989151000976562e+02
1.035988845825195312e+02
1.035988006591796875e+02
1.035989303588867188e+02
1.035990447998046875e+02
1.035988998413085938e+02
1.035989074707031250e+02
1.035989685058593750e+02
1.035988769531250000e+02
1.035989761352539062e+02
1.035988006591796875e+02
1.035988616943359375e+02
1.035988693237304688e+02
1.035989151000976562e+02
1.035988922119140625e+02
1.035989685058593750e+02
1.035989151000976562e+02
1.035988845825195312e+02
1.035989913940429688e+02
1.035989837646484375e+02
1.035988998413085938e+02
1.035989303588867188e+02
1.035989913940429688e+02
1.035989532470703125e+02
1.035989151000976562e+02
1.035988082885742188e+02
1.035988693237304688e+02
1.035989074707031250e+02
1.035989456176757812e+02
1.035988998413085938e+02
1.035988388061523438e+02
1.035989151000976562e+02
1.035989379882812500e+02
1.035990142822265625e+02
1.035990753173828125e+02
1.035989685058593750e+02
1.035989303588867188e+02
1.035990295410156250e+02
1.035989151000976562e+02
1.035989532470703125e+02
1.035988922119140625e+02
1.035988922119140625e+02
1.035988388061523438e+02
1.035989151000976562e+02
1.035988998413085938e+02
1.035989913940429688e+02
1.035988464355468750e+02
1.035988845825195312e+02
1.035989456176757812e+02
1.035988998413085938e+02
1.035989532470703125e+02
1.035988159179687500e+02
1.035989837646484375e+02
1.035989837646484375e+02
1.035988159179687500e+02
1.035989227294921875e+02
1.035989074707031250e+02
1.035990600585937500e+02
1.035989379882812500e+02
1.035989990234375000e+02
1.035989913940429688e+02
1.035989837646484375e+02
1.035988845825195312e+02
1.035989990234375000e+02
1.035988540649414062e+02
1.035989074707031250e+02
1.035988998413085938e+02
1.035990066528320312e+02
1.035989532470703125e+02
1.035990142822265625e+02
1.035988998413085938e+02
1.035989532470703125e+02
1.035989685058593750e+02
1.035988693237304688e+02
1.035989685058593750e+02
1.035989456176757812e+02
1.035988616943359375e+02
1.035989608764648438e+02
1.035989303588867188e+02
1.035988998413085938e+02
