# Histograms for acc and all, avg:   4.86, std:   2.00, avg:   0.87, std:   1.96
3.030000000000000249e+00 6.862745098039209957e+00 5.500000000000000028e-02 7.090512972865913532e+00
3.089999999999999858e+00 0.000000000000000000e+00 1.650000000000000078e-01 0.000000000000000000e+00
3.150000000000000355e+00 0.000000000000000000e+00 2.750000000000000222e-01 0.000000000000000000e+00
3.209999999999999964e+00 0.000000000000000000e+00 3.850000000000000089e-01 0.000000000000000000e+00
3.270000000000000018e+00 0.000000000000000000e+00 4.949999999999999956e-01 0.000000000000000000e+00
3.330000000000000071e+00 0.000000000000000000e+00 6.049999999999999822e-01 0.000000000000000000e+00
3.389999999999999680e+00 0.000000000000000000e+00 7.150000000000000799e-01 0.000000000000000000e+00
3.450000000000000178e+00 0.000000000000000000e+00 8.249999999999999556e-01 0.000000000000000000e+00
3.509999999999999787e+00 0.000000000000000000e+00 9.350000000000000533e-01 0.000000000000000000e+00
3.570000000000000284e+00 0.000000000000000000e+00 1.044999999999999929e+00 3.961180431768663857e-01
3.629999999999999893e+00 0.000000000000000000e+00 1.155000000000000027e+00 0.000000000000000000e+00
3.689999999999999947e+00 0.000000000000000000e+00 1.265000000000000124e+00 0.000000000000000000e+00
3.750000000000000000e+00 0.000000000000000000e+00 1.375000000000000000e+00 0.000000000000000000e+00
3.810000000000000053e+00 0.000000000000000000e+00 1.484999999999999876e+00 0.000000000000000000e+00
3.870000000000000107e+00 0.000000000000000000e+00 1.594999999999999973e+00 0.000000000000000000e+00
3.929999999999999716e+00 0.000000000000000000e+00 1.705000000000000071e+00 0.000000000000000000e+00
3.989999999999999769e+00 2.759622367465522697e+00 1.814999999999999947e+00 0.000000000000000000e+00
4.049999999999999822e+00 0.000000000000000000e+00 1.925000000000000044e+00 0.000000000000000000e+00
4.109999999999999432e+00 0.000000000000000000e+00 2.035000000000000142e+00 1.188354129530601322e-01
4.169999999999999929e+00 0.000000000000000000e+00 2.145000000000000018e+00 0.000000000000000000e+00
4.230000000000000426e+00 0.000000000000000000e+00 2.254999999999999893e+00 0.000000000000000000e+00
4.290000000000000036e+00 0.000000000000000000e+00 2.365000000000000213e+00 0.000000000000000000e+00
4.349999999999999645e+00 0.000000000000000000e+00 2.474999999999999645e+00 0.000000000000000000e+00
4.410000000000000142e+00 0.000000000000000000e+00 2.584999999999999964e+00 0.000000000000000000e+00
4.469999999999999751e+00 0.000000000000000000e+00 2.695000000000000284e+00 0.000000000000000000e+00
4.530000000000000249e+00 0.000000000000000000e+00 2.804999999999999716e+00 0.000000000000000000e+00
4.589999999999999858e+00 0.000000000000000000e+00 2.915000000000000036e+00 0.000000000000000000e+00
4.650000000000000355e+00 0.000000000000000000e+00 3.025000000000000355e+00 4.753416518122405288e-01
4.709999999999999964e+00 0.000000000000000000e+00 3.134999999999999787e+00 0.000000000000000000e+00
4.769999999999999574e+00 0.000000000000000000e+00 3.245000000000000107e+00 0.000000000000000000e+00
4.830000000000000071e+00 0.000000000000000000e+00 3.354999999999999982e+00 0.000000000000000000e+00
4.889999999999999680e+00 0.000000000000000000e+00 3.464999999999999858e+00 0.000000000000000000e+00
4.950000000000000178e+00 0.000000000000000000e+00 3.575000000000000178e+00 0.000000000000000000e+00
5.009999999999999787e+00 3.994190268700099078e-01 3.685000000000000053e+00 0.000000000000000000e+00
5.070000000000000284e+00 0.000000000000000000e+00 3.794999999999999929e+00 0.000000000000000000e+00
5.129999999999999893e+00 0.000000000000000000e+00 3.905000000000000249e+00 0.000000000000000000e+00
5.189999999999999503e+00 0.000000000000000000e+00 4.015000000000000568e+00 2.970885323826492064e-01
5.250000000000000000e+00 0.000000000000000000e+00 4.125000000000000000e+00 0.000000000000000000e+00
5.309999999999999609e+00 0.000000000000000000e+00 4.234999999999999432e+00 0.000000000000000000e+00
5.370000000000000107e+00 0.000000000000000000e+00 4.345000000000000639e+00 0.000000000000000000e+00
5.429999999999999716e+00 0.000000000000000000e+00 4.455000000000000071e+00 0.000000000000000000e+00
5.490000000000000213e+00 0.000000000000000000e+00 4.564999999999999503e+00 0.000000000000000000e+00
5.549999999999999822e+00 0.000000000000000000e+00 4.675000000000000711e+00 0.000000000000000000e+00
5.609999999999999432e+00 0.000000000000000000e+00 4.785000000000000142e+00 0.000000000000000000e+00
5.669999999999999929e+00 0.000000000000000000e+00 4.894999999999999574e+00 0.000000000000000000e+00
5.729999999999999538e+00 0.000000000000000000e+00 5.004999999999999893e+00 2.376708259061212358e-01
5.790000000000000036e+00 0.000000000000000000e+00 5.115000000000000213e+00 0.000000000000000000e+00
5.849999999999999645e+00 0.000000000000000000e+00 5.224999999999999645e+00 0.000000000000000000e+00
5.910000000000000142e+00 0.000000000000000000e+00 5.334999999999999964e+00 0.000000000000000000e+00
5.969999999999999751e+00 0.000000000000000000e+00 5.445000000000000284e+00 0.000000000000000000e+00
6.030000000000000249e+00 2.795933188090027777e+00 5.554999999999999716e+00 0.000000000000000000e+00
6.089999999999999858e+00 0.000000000000000000e+00 5.665000000000000036e+00 0.000000000000000000e+00
6.150000000000000355e+00 0.000000000000000000e+00 5.775000000000000355e+00 0.000000000000000000e+00
6.209999999999999964e+00 0.000000000000000000e+00 5.884999999999999787e+00 0.000000000000000000e+00
6.269999999999999574e+00 0.000000000000000000e+00 5.995000000000000107e+00 1.584472172707475091e-01
6.330000000000000071e+00 0.000000000000000000e+00 6.105000000000000426e+00 0.000000000000000000e+00
6.389999999999999680e+00 0.000000000000000000e+00 6.214999999999999858e+00 0.000000000000000000e+00
6.450000000000000178e+00 0.000000000000000000e+00 6.325000000000000178e+00 0.000000000000000000e+00
6.509999999999999787e+00 0.000000000000000000e+00 6.435000000000000497e+00 0.000000000000000000e+00
6.570000000000000284e+00 0.000000000000000000e+00 6.544999999999999929e+00 0.000000000000000000e+00
6.629999999999999893e+00 0.000000000000000000e+00 6.654999999999999361e+00 0.000000000000000000e+00
6.689999999999999503e+00 0.000000000000000000e+00 6.765000000000000568e+00 0.000000000000000000e+00
6.750000000000000000e+00 0.000000000000000000e+00 6.875000000000000000e+00 0.000000000000000000e+00
6.809999999999999609e+00 0.000000000000000000e+00 6.984999999999999432e+00 1.188354129530596742e-01
6.870000000000000107e+00 0.000000000000000000e+00 7.095000000000000639e+00 0.000000000000000000e+00
6.929999999999999716e+00 0.000000000000000000e+00 7.205000000000000071e+00 0.000000000000000000e+00
6.990000000000000213e+00 2.904865649963708218e-01 7.314999999999999503e+00 0.000000000000000000e+00
7.049999999999999822e+00 0.000000000000000000e+00 7.425000000000000711e+00 0.000000000000000000e+00
7.109999999999999432e+00 0.000000000000000000e+00 7.535000000000000142e+00 0.000000000000000000e+00
7.169999999999999929e+00 0.000000000000000000e+00 7.644999999999999574e+00 0.000000000000000000e+00
7.230000000000000426e+00 0.000000000000000000e+00 7.754999999999999893e+00 0.000000000000000000e+00
7.290000000000000036e+00 0.000000000000000000e+00 7.865000000000000213e+00 0.000000000000000000e+00
7.349999999999999645e+00 0.000000000000000000e+00 7.974999999999999645e+00 1.386413151119040565e-01
7.410000000000000142e+00 0.000000000000000000e+00 8.085000000000000853e+00 0.000000000000000000e+00
7.469999999999999751e+00 0.000000000000000000e+00 8.195000000000000284e+00 0.000000000000000000e+00
7.529999999999999361e+00 0.000000000000000000e+00 8.304999999999999716e+00 0.000000000000000000e+00
7.589999999999999858e+00 0.000000000000000000e+00 8.414999999999999147e+00 0.000000000000000000e+00
7.650000000000000355e+00 0.000000000000000000e+00 8.525000000000000355e+00 0.000000000000000000e+00
7.709999999999999964e+00 0.000000000000000000e+00 8.634999999999999787e+00 0.000000000000000000e+00
7.769999999999999574e+00 0.000000000000000000e+00 8.745000000000000995e+00 0.000000000000000000e+00
7.830000000000000071e+00 0.000000000000000000e+00 8.855000000000000426e+00 0.000000000000000000e+00
7.889999999999999680e+00 0.000000000000000000e+00 8.964999999999999858e+00 3.961180431768687726e-02
7.949999999999999289e+00 0.000000000000000000e+00 9.074999999999999289e+00 0.000000000000000000e+00
8.009999999999999787e+00 3.413217138707357101e+00 9.185000000000000497e+00 0.000000000000000000e+00
8.070000000000000284e+00 0.000000000000000000e+00 9.294999999999999929e+00 0.000000000000000000e+00
8.129999999999999005e+00 0.000000000000000000e+00 9.405000000000001137e+00 0.000000000000000000e+00
8.189999999999999503e+00 0.000000000000000000e+00 9.515000000000000568e+00 0.000000000000000000e+00
8.250000000000000000e+00 0.000000000000000000e+00 9.625000000000000000e+00 0.000000000000000000e+00
8.309999999999998721e+00 0.000000000000000000e+00 9.734999999999999432e+00 0.000000000000000000e+00
8.369999999999999218e+00 0.000000000000000000e+00 9.845000000000000639e+00 0.000000000000000000e+00
8.429999999999999716e+00 0.000000000000000000e+00 9.955000000000000071e+00 0.000000000000000000e+00
8.490000000000000213e+00 0.000000000000000000e+00 1.006499999999999950e+01 0.000000000000000000e+00
8.550000000000000711e+00 0.000000000000000000e+00 1.017500000000000071e+01 0.000000000000000000e+00
8.609999999999999432e+00 0.000000000000000000e+00 1.028500000000000014e+01 0.000000000000000000e+00
8.669999999999999929e+00 0.000000000000000000e+00 1.039499999999999957e+01 0.000000000000000000e+00
8.730000000000000426e+00 0.000000000000000000e+00 1.050499999999999901e+01 0.000000000000000000e+00
8.789999999999999147e+00 0.000000000000000000e+00 1.061500000000000021e+01 0.000000000000000000e+00
8.849999999999999645e+00 0.000000000000000000e+00 1.072499999999999964e+01 0.000000000000000000e+00
8.910000000000000142e+00 0.000000000000000000e+00 1.083500000000000085e+01 0.000000000000000000e+00
8.969999999999998863e+00 1.452432824981832737e-01 1.094500000000000028e+01 1.980590215884343863e-02
