# Cycle: 1650, status: ACC, move: ('sh', 0.10936635680134911, 2, 10)
#     Time       Orderp
         0     0.108447
         1     0.108782
         2     0.108741
         3     0.108603
         4     0.109111
         5     0.109443
         6     0.109081
         7     0.108650
         8     0.109862
         9     0.108523
        10     0.109366
        11     0.108644
        12     0.109157
        13     0.108715
        14     0.108721
        15     0.108859
        16     0.108691
        17     0.108195
