# Cycle: 1150, status: ACC, move: ('tr', 0, 0, 0)
#     Time       Orderp
         0     0.108495
         1     0.109158
         2     0.108867
         3     0.108968
         4     0.109974
         5     0.109313
         6     0.108717
         7     0.109040
         8     0.108990
         9     0.109533
        10     0.109320
        11     0.109052
        12     0.110289
        13     0.108561
        14     0.109198
        15     0.109307
        16     0.108642
        17     0.107872
