r [A]    g_OO(r)
2.500000000000000139e-02 0.000000000000000000e+00
7.500000000000001110e-02 0.000000000000000000e+00
1.250000000000000000e-01 0.000000000000000000e+00
1.750000000000000167e-01 0.000000000000000000e+00
2.250000000000000056e-01 0.000000000000000000e+00
2.750000000000000222e-01 0.000000000000000000e+00
3.250000000000000666e-01 0.000000000000000000e+00
3.750000000000000000e-01 0.000000000000000000e+00
4.250000000000000444e-01 0.000000000000000000e+00
4.749999999999999778e-01 0.000000000000000000e+00
5.250000000000000222e-01 0.000000000000000000e+00
5.750000000000000666e-01 0.000000000000000000e+00
6.250000000000000000e-01 0.000000000000000000e+00
6.750000000000000444e-01 0.000000000000000000e+00
7.250000000000000888e-01 0.000000000000000000e+00
7.750000000000000222e-01 0.000000000000000000e+00
8.250000000000000666e-01 0.000000000000000000e+00
8.750000000000000000e-01 0.000000000000000000e+00
9.250000000000000444e-01 0.000000000000000000e+00
9.750000000000000888e-01 0.000000000000000000e+00
1.024999999999999911e+00 0.000000000000000000e+00
1.075000000000000178e+00 0.000000000000000000e+00
1.125000000000000000e+00 0.000000000000000000e+00
1.175000000000000266e+00 0.000000000000000000e+00
1.225000000000000089e+00 0.000000000000000000e+00
1.274999999999999911e+00 0.000000000000000000e+00
1.325000000000000178e+00 0.000000000000000000e+00
1.375000000000000000e+00 0.000000000000000000e+00
1.425000000000000266e+00 0.000000000000000000e+00
1.475000000000000089e+00 0.000000000000000000e+00
1.524999999999999911e+00 0.000000000000000000e+00
1.575000000000000178e+00 0.000000000000000000e+00
1.625000000000000000e+00 0.000000000000000000e+00
1.675000000000000266e+00 0.000000000000000000e+00
1.725000000000000089e+00 0.000000000000000000e+00
1.774999999999999911e+00 0.000000000000000000e+00
1.825000000000000178e+00 0.000000000000000000e+00
1.875000000000000000e+00 0.000000000000000000e+00
1.925000000000000266e+00 0.000000000000000000e+00
1.975000000000000089e+00 0.000000000000000000e+00
2.025000000000000355e+00 0.000000000000000000e+00
2.075000000000000178e+00 0.000000000000000000e+00
2.125000000000000000e+00 0.000000000000000000e+00
2.174999999999999822e+00 0.000000000000000000e+00
2.225000000000000089e+00 0.000000000000000000e+00
2.275000000000000355e+00 0.000000000000000000e+00
2.325000000000000178e+00 0.000000000000000000e+00
2.375000000000000000e+00 0.000000000000000000e+00
2.425000000000000266e+00 0.000000000000000000e+00
2.475000000000000089e+00 0.000000000000000000e+00
2.525000000000000355e+00 0.000000000000000000e+00
2.575000000000000178e+00 9.917907128936086225e-02
2.625000000000000000e+00 5.885276575004856348e-01
2.675000000000000266e+00 1.240685483680854961e+00
2.725000000000000089e+00 2.627312327542754566e+00
2.775000000000000355e+00 3.287843632139740180e+00
2.825000000000000178e+00 3.103824069408899877e+00
2.875000000000000000e+00 2.744862538925852302e+00
2.925000000000000266e+00 2.434042650358661408e+00
2.975000000000000089e+00 2.105240215020644179e+00
3.025000000000000355e+00 1.449311117690889050e+00
3.075000000000000178e+00 1.356197538544472003e+00
3.125000000000000000e+00 9.988898434479611677e-01
3.175000000000000266e+00 1.043786552367618192e+00
3.225000000000000089e+00 8.430605135800496308e-01
3.275000000000000355e+00 7.868583897807280847e-01
3.325000000000000178e+00 8.823388916384081737e-01
3.375000000000000000e+00 6.350754680476864422e-01
3.425000000000000266e+00 8.595989209697684208e-01
3.475000000000000089e+00 7.442753589636610378e-01
3.525000000000000355e+00 9.791164643293274183e-01
3.575000000000000178e+00 8.833136710318454377e-01
3.625000000000000000e+00 9.508649587633533073e-01
3.675000000000000266e+00 9.089364828771283600e-01
3.725000000000000089e+00 8.689014246135240427e-01
3.775000000000000355e+00 9.767880973985764159e-01
3.825000000000000178e+00 9.738928739954424429e-01
3.875000000000000000e+00 9.927190775840617487e-01
3.925000000000000266e+00 9.106713491636369007e-01
3.975000000000000089e+00 1.075198388698412888e+00
4.025000000000000355e+00 8.930452726448112610e-01
4.075000000000000178e+00 1.003274587895096381e+00
4.125000000000000000e+00 9.984248321715351038e-01
4.175000000000000711e+00 1.075263388732091485e+00
4.224999999999999645e+00 1.013123403756112761e+00
4.275000000000000355e+00 1.163486745006247380e+00
4.325000000000000178e+00 1.031270289748440483e+00
4.375000000000000000e+00 1.236886382906523973e+00
4.425000000000000711e+00 1.041162870908321381e+00
4.474999999999999645e+00 1.018026881017549012e+00
4.525000000000000355e+00 1.049183336513850762e+00
4.575000000000000178e+00 1.199184100324612645e+00
4.625000000000000000e+00 1.111908189152471804e+00
4.675000000000000711e+00 1.128371340006641743e+00
4.724999999999999645e+00 1.143892313140732364e+00
4.775000000000000355e+00 1.096026427012107174e+00
4.825000000000001066e+00 1.139341044733778396e+00
4.875000000000000000e+00 1.060746696105357323e+00
4.925000000000000711e+00 9.218300611014919044e-01
4.974999999999999645e+00 9.698201159592163556e-01
5.025000000000000355e+00 1.024408530955335239e+00
5.075000000000001066e+00 1.029856368030786840e+00
5.125000000000000000e+00 1.022378714484982520e+00
5.175000000000000711e+00 9.454200144569731012e-01
5.224999999999999645e+00 9.836193859116696414e-01
5.275000000000000355e+00 9.926342592457845226e-01
5.325000000000001066e+00 8.658496827807121710e-01
5.375000000000000000e+00 8.915479222966692374e-01
5.425000000000000711e+00 9.757434191529739120e-01
5.474999999999999645e+00 9.982246280712181452e-01
5.525000000000000355e+00 8.725205084519090937e-01
5.575000000000001066e+00 8.639932086187185334e-01
5.625000000000000000e+00 9.145193787293730558e-01
5.675000000000000711e+00 7.623429284544512852e-01
5.724999999999999645e+00 8.728179389247860964e-01
5.775000000000000355e+00 9.333586331794043733e-01
5.825000000000001066e+00 8.366467666847011708e-01
5.875000000000000000e+00 8.923286878811399481e-01
5.925000000000000711e+00 8.617210347633232903e-01
5.974999999999999645e+00 9.824456263852452409e-01
6.025000000000000355e+00 9.118580718813000807e-01
6.075000000000001066e+00 9.592778245330477738e-01
6.125000000000000000e+00 9.699746511577125307e-01
6.175000000000000711e+00 1.069309787692932723e+00
6.224999999999999645e+00 1.023916220548300560e+00
6.275000000000000355e+00 9.937459160619053211e-01
6.325000000000001066e+00 9.506990333928929671e-01
6.375000000000000000e+00 1.005965591540537440e+00
6.425000000000000711e+00 1.011610710395052237e+00
6.474999999999999645e+00 1.134605605428433250e+00
6.525000000000000355e+00 1.032328968474619968e+00
6.575000000000001066e+00 9.406264814289662102e-01
6.625000000000000000e+00 9.889133918711896509e-01
6.675000000000000711e+00 1.047953294325662643e+00
6.724999999999999645e+00 1.129369975174713714e+00
6.775000000000000355e+00 1.069779675604248803e+00
6.825000000000001066e+00 1.103576611586156275e+00
6.875000000000000000e+00 9.948254151666104939e-01
6.925000000000000711e+00 1.065077900198221350e+00
6.974999999999999645e+00 1.081403703601435895e+00
7.025000000000000355e+00 1.157124613453426987e+00
7.075000000000001066e+00 1.044481090862387385e+00
7.125000000000000000e+00 1.088167913146197208e+00
7.175000000000000711e+00 1.009182410115508688e+00
7.224999999999999645e+00 1.049855353322166174e+00
7.275000000000000355e+00 9.339975476229653850e-01
7.325000000000001066e+00 1.049984948587485256e+00
7.375000000000000000e+00 1.078114701168631173e+00
7.425000000000000711e+00 9.920713032495246386e-01
7.474999999999999645e+00 1.012191269950515116e+00
7.525000000000000355e+00 1.035561925955087892e+00
7.575000000000001066e+00 9.990143731222139722e-01
7.625000000000000000e+00 9.407109347859180515e-01
7.675000000000000711e+00 9.489618879171984878e-01
7.724999999999999645e+00 9.550843970193360066e-01
7.775000000000000355e+00 1.120528951016545260e+00
7.825000000000001066e+00 8.950282290710499522e-01
7.875000000000000000e+00 9.703014032414358780e-01
7.925000000000000711e+00 9.546061826936760308e-01
7.974999999999999645e+00 9.219935329801133284e-01
8.025000000000000355e+00 1.027974520754685317e+00
8.074999999999999289e+00 1.005198040412997207e+00
8.125000000000000000e+00 9.430552230771176436e-01
8.175000000000000711e+00 1.020117991311283445e+00
8.225000000000001421e+00 9.575274413911037952e-01
8.275000000000000355e+00 1.016420224508216119e+00
8.324999999999999289e+00 1.012155135569899667e+00
8.375000000000000000e+00 9.735405021749835575e-01
8.425000000000000711e+00 9.790053452186560090e-01
8.475000000000001421e+00 9.827478283514750057e-01
8.525000000000000355e+00 9.833190985132393980e-01
8.574999999999999289e+00 1.046416365234384749e+00
8.625000000000000000e+00 1.004851418204363300e+00
8.675000000000000711e+00 9.903886220883767466e-01
8.725000000000001421e+00 1.020824475570175860e+00
8.775000000000000355e+00 9.309347069532528662e-01
8.824999999999999289e+00 1.024560688412153420e+00
8.875000000000000000e+00 9.615615173357687784e-01
8.925000000000000711e+00 1.014114053818039762e+00
8.975000000000001421e+00 1.013731948658790794e+00
9.025000000000000355e+00 9.796540679646248417e-01
9.074999999999999289e+00 1.019462610776216804e+00
9.125000000000000000e+00 1.024117206694180160e+00
9.175000000000000711e+00 1.041630445369835734e+00
9.225000000000001421e+00 9.608197321577555128e-01
9.275000000000000355e+00 9.619554559488248113e-01
9.324999999999999289e+00 1.071413472535607259e+00
9.375000000000000000e+00 1.003897093855057099e+00
9.425000000000000711e+00 9.624269269531582349e-01
9.475000000000001421e+00 9.840394182749341301e-01
9.525000000000000355e+00 1.001521930291775053e+00
9.575000000000001066e+00 9.815253119590326980e-01
9.625000000000000000e+00 9.891011875740982617e-01
9.675000000000000711e+00 1.025741888027066340e+00
9.725000000000001421e+00 1.045353697598653930e+00
9.775000000000000355e+00 9.520954993517488640e-01
9.825000000000001066e+00 1.045756261671899168e+00
9.875000000000000000e+00 1.039689110287999485e+00
9.925000000000000711e+00 8.857027992117550985e-01
9.975000000000001421e+00 9.792914027126657928e-01
