r [A]    g_OO(r)
2.500000000000000139e-02 0.000000000000000000e+00
7.500000000000001110e-02 0.000000000000000000e+00
1.250000000000000000e-01 0.000000000000000000e+00
1.750000000000000167e-01 0.000000000000000000e+00
2.250000000000000056e-01 0.000000000000000000e+00
2.750000000000000222e-01 0.000000000000000000e+00
3.250000000000000666e-01 0.000000000000000000e+00
3.750000000000000000e-01 0.000000000000000000e+00
4.250000000000000444e-01 0.000000000000000000e+00
4.749999999999999778e-01 0.000000000000000000e+00
5.250000000000000222e-01 0.000000000000000000e+00
5.750000000000000666e-01 0.000000000000000000e+00
6.250000000000000000e-01 0.000000000000000000e+00
6.750000000000000444e-01 0.000000000000000000e+00
7.250000000000000888e-01 0.000000000000000000e+00
7.750000000000000222e-01 0.000000000000000000e+00
8.250000000000000666e-01 0.000000000000000000e+00
8.750000000000000000e-01 0.000000000000000000e+00
9.250000000000000444e-01 0.000000000000000000e+00
9.750000000000000888e-01 0.000000000000000000e+00
1.024999999999999911e+00 0.000000000000000000e+00
1.075000000000000178e+00 0.000000000000000000e+00
1.125000000000000000e+00 0.000000000000000000e+00
1.175000000000000266e+00 0.000000000000000000e+00
1.225000000000000089e+00 0.000000000000000000e+00
1.274999999999999911e+00 0.000000000000000000e+00
1.325000000000000178e+00 0.000000000000000000e+00
1.375000000000000000e+00 0.000000000000000000e+00
1.425000000000000266e+00 0.000000000000000000e+00
1.475000000000000089e+00 0.000000000000000000e+00
1.524999999999999911e+00 0.000000000000000000e+00
1.575000000000000178e+00 0.000000000000000000e+00
1.625000000000000000e+00 0.000000000000000000e+00
1.675000000000000266e+00 0.000000000000000000e+00
1.725000000000000089e+00 0.000000000000000000e+00
1.774999999999999911e+00 0.000000000000000000e+00
1.825000000000000178e+00 0.000000000000000000e+00
1.875000000000000000e+00 0.000000000000000000e+00
1.925000000000000266e+00 0.000000000000000000e+00
1.975000000000000089e+00 0.000000000000000000e+00
2.025000000000000355e+00 0.000000000000000000e+00
2.075000000000000178e+00 0.000000000000000000e+00
2.125000000000000000e+00 0.000000000000000000e+00
2.174999999999999822e+00 0.000000000000000000e+00
2.225000000000000089e+00 0.000000000000000000e+00
2.275000000000000355e+00 0.000000000000000000e+00
2.325000000000000178e+00 0.000000000000000000e+00
2.375000000000000000e+00 1.903428408615995889e-05
2.425000000000000266e+00 1.825748462224998527e-05
2.475000000000000089e+00 4.224075584817247458e-03
2.525000000000000355e+00 4.937496774893011808e-02
2.575000000000000178e+00 2.880307290439027001e-01
2.625000000000000000e+00 9.086482537903012302e-01
2.675000000000000266e+00 1.814201038004688682e+00
2.725000000000000089e+00 2.622334553407685398e+00
2.775000000000000355e+00 3.000352276367670434e+00
2.825000000000000178e+00 2.910074821421813063e+00
2.875000000000000000e+00 2.554155695082303001e+00
2.925000000000000266e+00 2.117672060696802916e+00
2.975000000000000089e+00 1.722865110871531158e+00
3.025000000000000355e+00 1.419714279520652767e+00
3.075000000000000178e+00 1.201861591537348950e+00
3.125000000000000000e+00 1.066608199842117077e+00
3.175000000000000266e+00 9.853187694747810310e-01
3.225000000000000089e+00 9.443089283610285323e-01
3.275000000000000355e+00 9.143143028012367113e-01
3.325000000000000178e+00 9.139340872462706766e-01
3.375000000000000000e+00 9.102057292347018880e-01
3.425000000000000266e+00 9.151454922892705568e-01
3.475000000000000089e+00 9.175411873838529297e-01
3.525000000000000355e+00 9.230023328610421629e-01
3.575000000000000178e+00 9.274315139315174594e-01
3.625000000000000000e+00 9.307765799293222786e-01
3.675000000000000266e+00 9.403310130233147879e-01
3.725000000000000089e+00 9.466495140782856810e-01
3.775000000000000355e+00 9.584158305776395714e-01
3.825000000000000178e+00 9.682567274697873039e-01
3.875000000000000000e+00 9.732696315576401247e-01
3.925000000000000266e+00 9.800143793287576788e-01
3.975000000000000089e+00 9.911151663431684300e-01
4.025000000000000355e+00 1.001994938478885100e+00
4.075000000000000178e+00 1.010144661345055761e+00
4.125000000000000000e+00 1.027665291455571950e+00
4.175000000000000711e+00 1.041345446881469128e+00
4.224999999999999645e+00 1.046521376908787104e+00
4.275000000000000355e+00 1.058961836057318084e+00
4.325000000000000178e+00 1.066251444723885999e+00
4.375000000000000000e+00 1.072916269914016008e+00
4.425000000000000711e+00 1.076503389584592130e+00
4.474999999999999645e+00 1.077218344930654270e+00
4.525000000000000355e+00 1.072757114149544000e+00
4.575000000000000178e+00 1.073085225136848342e+00
4.625000000000000000e+00 1.066628267605000513e+00
4.675000000000000711e+00 1.058736613718201269e+00
4.724999999999999645e+00 1.053996996255919694e+00
4.775000000000000355e+00 1.045714476773782708e+00
4.825000000000001066e+00 1.035204273625738081e+00
4.875000000000000000e+00 1.025454210875974548e+00
4.925000000000000711e+00 1.012679874453590756e+00
4.974999999999999645e+00 1.007301976002503485e+00
5.025000000000000355e+00 9.963280045145713748e-01
5.075000000000001066e+00 9.816577062249726149e-01
5.125000000000000000e+00 9.724608347898728855e-01
5.175000000000000711e+00 9.659321221384442602e-01
5.224999999999999645e+00 9.546091172508947009e-01
5.275000000000000355e+00 9.457971060076811876e-01
5.325000000000001066e+00 9.375702667550852576e-01
5.375000000000000000e+00 9.255896688902806035e-01
5.425000000000000711e+00 9.174135798417998311e-01
5.474999999999999645e+00 9.160498279788772402e-01
5.525000000000000355e+00 9.135508575496910089e-01
5.575000000000001066e+00 9.069588937182864186e-01
5.625000000000000000e+00 9.048096055365892898e-01
5.675000000000000711e+00 9.079290728023717838e-01
5.724999999999999645e+00 9.130721844695148803e-01
5.775000000000000355e+00 9.160249316341955161e-01
5.825000000000001066e+00 9.242323406727925850e-01
5.875000000000000000e+00 9.327816379948412617e-01
5.925000000000000711e+00 9.442334057956686122e-01
5.974999999999999645e+00 9.551277062105214544e-01
6.025000000000000355e+00 9.680902801185065076e-01
6.075000000000001066e+00 9.747148215410920136e-01
6.125000000000000000e+00 9.857371970998026756e-01
6.175000000000000711e+00 9.960002585423455290e-01
6.224999999999999645e+00 1.001845534405019889e+00
6.275000000000000355e+00 1.012456040190722772e+00
6.325000000000001066e+00 1.018723636009841282e+00
6.375000000000000000e+00 1.024147714842192025e+00
6.425000000000000711e+00 1.027417941719600103e+00
6.474999999999999645e+00 1.034142909102246266e+00
6.525000000000000355e+00 1.037124794234880243e+00
6.575000000000001066e+00 1.044665275885412914e+00
6.625000000000000000e+00 1.042679947105157323e+00
6.675000000000000711e+00 1.050548025768525573e+00
6.724999999999999645e+00 1.049074734354587202e+00
6.775000000000000355e+00 1.050040252275072472e+00
6.825000000000001066e+00 1.050556101252787977e+00
6.875000000000000000e+00 1.047558959643895227e+00
6.925000000000000711e+00 1.049298473195953596e+00
6.974999999999999645e+00 1.048839211441503494e+00
7.025000000000000355e+00 1.045684612870862340e+00
7.075000000000001066e+00 1.037825161331483281e+00
7.125000000000000000e+00 1.037159316163656531e+00
7.175000000000000711e+00 1.034926210918891032e+00
7.224999999999999645e+00 1.029751093837914855e+00
7.275000000000000355e+00 1.027697484560234686e+00
7.325000000000001066e+00 1.020541082053743276e+00
7.375000000000000000e+00 1.016559160703427889e+00
7.425000000000000711e+00 1.013403700734226032e+00
7.474999999999999645e+00 1.009699536972511469e+00
7.525000000000000355e+00 1.006051415789867232e+00
7.575000000000001066e+00 1.000014346889499528e+00
7.625000000000000000e+00 9.978601973308433015e-01
7.675000000000000711e+00 9.929466721469321078e-01
7.724999999999999645e+00 9.929539914332530248e-01
7.775000000000000355e+00 9.879519785177220959e-01
7.825000000000001066e+00 9.867085134642522570e-01
7.875000000000000000e+00 9.867828860290447368e-01
7.925000000000000711e+00 9.820961086962763931e-01
7.974999999999999645e+00 9.833879164253355176e-01
8.025000000000000355e+00 9.835293797540286542e-01
8.074999999999999289e+00 9.810001640123465760e-01
8.125000000000000000e+00 9.806558105550846616e-01
8.175000000000000711e+00 9.804119395408760207e-01
8.225000000000001421e+00 9.844898567409362533e-01
8.275000000000000355e+00 9.831875027271123058e-01
8.324999999999999289e+00 9.855494762469185765e-01
8.375000000000000000e+00 9.860905680012909125e-01
8.425000000000000711e+00 9.879924983620165246e-01
8.475000000000001421e+00 9.887495832542938512e-01
8.525000000000000355e+00 9.891284665913210317e-01
8.574999999999999289e+00 9.919764218950931634e-01
8.625000000000000000e+00 9.930668774372138907e-01
8.675000000000000711e+00 9.952120168926070765e-01
8.725000000000001421e+00 9.965687201030184461e-01
8.775000000000000355e+00 9.971704193580835929e-01
8.824999999999999289e+00 9.985134497262189157e-01
8.875000000000000000e+00 9.963033391587231558e-01
8.925000000000000711e+00 1.001221188407196427e+00
8.975000000000001421e+00 9.997430921104105694e-01
9.025000000000000355e+00 9.996493189820969683e-01
9.074999999999999289e+00 9.996455346883484916e-01
9.125000000000000000e+00 1.000102753495539121e+00
9.175000000000000711e+00 1.002523740047260858e+00
9.225000000000001421e+00 1.002508362570483369e+00
9.275000000000000355e+00 1.004102514553932179e+00
9.324999999999999289e+00 1.003314450562298621e+00
9.375000000000000000e+00 1.003376592771435094e+00
9.425000000000000711e+00 1.003776189168132715e+00
9.475000000000001421e+00 1.003661805947855923e+00
9.525000000000000355e+00 1.005646005784626595e+00
9.575000000000001066e+00 1.004633268432428173e+00
9.625000000000000000e+00 1.004901531278589166e+00
9.675000000000000711e+00 1.003630924081439613e+00
9.725000000000001421e+00 1.004903507732427759e+00
9.775000000000000355e+00 1.005505419327099359e+00
9.825000000000001066e+00 1.003663893663740758e+00
9.875000000000000000e+00 1.005362184276546333e+00
9.925000000000000711e+00 1.006185160002107892e+00
9.975000000000001421e+00 1.006452333436431257e+00
