r [A]    g_OO(r)
2.500000000000000139e-02 0.000000000000000000e+00
7.500000000000001110e-02 0.000000000000000000e+00
1.250000000000000000e-01 0.000000000000000000e+00
1.750000000000000167e-01 0.000000000000000000e+00
2.250000000000000056e-01 0.000000000000000000e+00
2.750000000000000222e-01 0.000000000000000000e+00
3.250000000000000666e-01 0.000000000000000000e+00
3.750000000000000000e-01 0.000000000000000000e+00
4.250000000000000444e-01 0.000000000000000000e+00
4.749999999999999778e-01 0.000000000000000000e+00
5.250000000000000222e-01 0.000000000000000000e+00
5.750000000000000666e-01 0.000000000000000000e+00
6.250000000000000000e-01 0.000000000000000000e+00
6.750000000000000444e-01 0.000000000000000000e+00
7.250000000000000888e-01 0.000000000000000000e+00
7.750000000000000222e-01 0.000000000000000000e+00
8.250000000000000666e-01 0.000000000000000000e+00
8.750000000000000000e-01 0.000000000000000000e+00
9.250000000000000444e-01 0.000000000000000000e+00
9.750000000000000888e-01 0.000000000000000000e+00
1.024999999999999911e+00 0.000000000000000000e+00
1.075000000000000178e+00 0.000000000000000000e+00
1.125000000000000000e+00 0.000000000000000000e+00
1.175000000000000266e+00 0.000000000000000000e+00
1.225000000000000089e+00 0.000000000000000000e+00
1.274999999999999911e+00 0.000000000000000000e+00
1.325000000000000178e+00 0.000000000000000000e+00
1.375000000000000000e+00 0.000000000000000000e+00
1.425000000000000266e+00 0.000000000000000000e+00
1.475000000000000089e+00 0.000000000000000000e+00
1.524999999999999911e+00 0.000000000000000000e+00
1.575000000000000178e+00 0.000000000000000000e+00
1.625000000000000000e+00 0.000000000000000000e+00
1.675000000000000266e+00 0.000000000000000000e+00
1.725000000000000089e+00 0.000000000000000000e+00
1.774999999999999911e+00 0.000000000000000000e+00
1.825000000000000178e+00 0.000000000000000000e+00
1.875000000000000000e+00 0.000000000000000000e+00
1.925000000000000266e+00 0.000000000000000000e+00
1.975000000000000089e+00 0.000000000000000000e+00
2.025000000000000355e+00 0.000000000000000000e+00
2.075000000000000178e+00 0.000000000000000000e+00
2.125000000000000000e+00 0.000000000000000000e+00
2.174999999999999822e+00 0.000000000000000000e+00
2.225000000000000089e+00 0.000000000000000000e+00
2.275000000000000355e+00 0.000000000000000000e+00
2.325000000000000178e+00 0.000000000000000000e+00
2.375000000000000000e+00 7.568796642395913784e-05
2.425000000000000266e+00 5.626430206333192042e-04
2.475000000000000089e+00 7.492269529017398649e-03
2.525000000000000355e+00 5.931223780735701834e-02
2.575000000000000178e+00 2.892289363452612005e-01
2.625000000000000000e+00 8.674913823846671646e-01
2.675000000000000266e+00 1.755826921557598785e+00
2.725000000000000089e+00 2.603759436086546586e+00
2.775000000000000355e+00 3.067947980898155347e+00
2.825000000000000178e+00 3.071730859463144725e+00
2.875000000000000000e+00 2.759329751873551118e+00
2.925000000000000266e+00 2.332277572967899726e+00
2.975000000000000089e+00 1.906905782854563913e+00
3.025000000000000355e+00 1.584444899992677902e+00
3.075000000000000178e+00 1.334311331213295482e+00
3.125000000000000000e+00 1.155271368098666374e+00
3.175000000000000266e+00 1.035092863355415505e+00
3.225000000000000089e+00 9.583901726374959296e-01
3.275000000000000355e+00 9.032381364734394236e-01
3.325000000000000178e+00 8.738642733289018194e-01
3.375000000000000000e+00 8.447815762139244677e-01
3.425000000000000266e+00 8.353007152273600466e-01
3.475000000000000089e+00 8.339667128773607940e-01
3.525000000000000355e+00 8.318134070068539110e-01
3.575000000000000178e+00 8.415544107846328892e-01
3.625000000000000000e+00 8.468469486159777571e-01
3.675000000000000266e+00 8.546556274419850885e-01
3.725000000000000089e+00 8.636965375844690707e-01
3.775000000000000355e+00 8.774742646695973258e-01
3.825000000000000178e+00 8.932759733873766317e-01
3.875000000000000000e+00 9.134627435174464960e-01
3.925000000000000266e+00 9.319010580172856217e-01
3.975000000000000089e+00 9.417924396312167268e-01
4.025000000000000355e+00 9.633859968420470654e-01
4.075000000000000178e+00 9.785713065184346027e-01
4.125000000000000000e+00 9.951943838190797642e-01
4.175000000000000711e+00 1.012514882497099533e+00
4.224999999999999645e+00 1.028460556090111666e+00
4.275000000000000355e+00 1.037909421788018705e+00
4.325000000000000178e+00 1.058129478520755562e+00
4.375000000000000000e+00 1.070601581136742864e+00
4.425000000000000711e+00 1.079490195961509302e+00
4.474999999999999645e+00 1.083004836011865812e+00
4.525000000000000355e+00 1.091434054909567131e+00
4.575000000000000178e+00 1.093220735675869859e+00
4.625000000000000000e+00 1.095628505915501538e+00
4.675000000000000711e+00 1.095847478755287874e+00
4.724999999999999645e+00 1.091298765142392435e+00
4.775000000000000355e+00 1.079728923626543047e+00
4.825000000000001066e+00 1.076759715788948357e+00
4.875000000000000000e+00 1.065497178807546241e+00
4.925000000000000711e+00 1.057165175388494971e+00
4.974999999999999645e+00 1.040951671144496604e+00
5.025000000000000355e+00 1.027191447963318405e+00
5.075000000000001066e+00 1.012326582143861398e+00
5.125000000000000000e+00 9.994892250129088218e-01
5.175000000000000711e+00 9.822696122754143166e-01
5.224999999999999645e+00 9.629269280541934428e-01
5.275000000000000355e+00 9.515331556236245047e-01
5.325000000000001066e+00 9.390968785748744496e-01
5.375000000000000000e+00 9.296202137389824038e-01
5.425000000000000711e+00 9.161683510357764293e-01
5.474999999999999645e+00 9.141386799939410501e-01
5.525000000000000355e+00 9.072977241449503572e-01
5.575000000000001066e+00 9.077897473645315518e-01
5.625000000000000000e+00 9.040594589400200443e-01
5.675000000000000711e+00 9.094165320457975321e-01
5.724999999999999645e+00 9.095938607290328104e-01
5.775000000000000355e+00 9.165927908403658231e-01
5.825000000000001066e+00 9.254141006217708743e-01
5.875000000000000000e+00 9.304885886531383266e-01
5.925000000000000711e+00 9.398638729332760011e-01
5.974999999999999645e+00 9.475914769342377308e-01
6.025000000000000355e+00 9.600620792892332611e-01
6.075000000000001066e+00 9.628737179970112692e-01
6.125000000000000000e+00 9.794495705402692654e-01
6.175000000000000711e+00 9.835882393007245872e-01
6.224999999999999645e+00 9.944560415416893173e-01
6.275000000000000355e+00 1.002628464977384226e+00
6.325000000000001066e+00 1.015072208091814643e+00
6.375000000000000000e+00 1.017756469945307440e+00
6.425000000000000711e+00 1.028089611961342964e+00
6.474999999999999645e+00 1.031980388190074871e+00
6.525000000000000355e+00 1.038271454284608764e+00
6.575000000000001066e+00 1.045146297269089697e+00
6.625000000000000000e+00 1.048191811292033648e+00
6.675000000000000711e+00 1.050890189139130904e+00
6.724999999999999645e+00 1.055353944412414702e+00
6.775000000000000355e+00 1.055807189004505764e+00
6.825000000000001066e+00 1.056807593046084515e+00
6.875000000000000000e+00 1.052821210612698843e+00
6.925000000000000711e+00 1.051122935672730518e+00
6.974999999999999645e+00 1.051350473500685778e+00
7.025000000000000355e+00 1.049641824208508822e+00
7.075000000000001066e+00 1.042129644714744341e+00
7.125000000000000000e+00 1.040548171657093235e+00
7.175000000000000711e+00 1.035150498739910940e+00
7.224999999999999645e+00 1.031067735270894570e+00
7.275000000000000355e+00 1.023385098378466029e+00
7.325000000000001066e+00 1.020643379997733025e+00
7.375000000000000000e+00 1.011215459308100195e+00
7.425000000000000711e+00 1.008495773598574008e+00
7.474999999999999645e+00 1.002268130292813142e+00
7.525000000000000355e+00 9.946178858357693775e-01
7.575000000000001066e+00 9.927792036639485618e-01
7.625000000000000000e+00 9.882025721603104884e-01
7.675000000000000711e+00 9.840030071594527694e-01
7.724999999999999645e+00 9.810703027770396600e-01
7.775000000000000355e+00 9.795704215631805267e-01
7.825000000000001066e+00 9.749536876239085492e-01
7.875000000000000000e+00 9.749185729180199766e-01
7.925000000000000711e+00 9.760422301963475045e-01
7.974999999999999645e+00 9.792327616278402314e-01
8.025000000000000355e+00 9.758956723055756122e-01
8.074999999999999289e+00 9.770264594414777015e-01
8.125000000000000000e+00 9.797112087331569796e-01
8.175000000000000711e+00 9.814636194077340781e-01
8.225000000000001421e+00 9.858432602848818949e-01
8.275000000000000355e+00 9.849470759112619600e-01
8.324999999999999289e+00 9.878575681583289247e-01
8.375000000000000000e+00 9.894948586921382683e-01
8.425000000000000711e+00 9.913095191673726436e-01
8.475000000000001421e+00 9.949756547517055738e-01
8.525000000000000355e+00 9.965110219758173127e-01
8.574999999999999289e+00 1.001670680787883239e+00
8.625000000000000000e+00 1.000409868123211199e+00
8.675000000000000711e+00 1.003435903340212043e+00
8.725000000000001421e+00 1.003922468828770898e+00
8.775000000000000355e+00 1.007059403703908895e+00
8.824999999999999289e+00 1.008295789714195534e+00
8.875000000000000000e+00 1.008055549579023102e+00
8.925000000000000711e+00 1.007600611542835090e+00
8.975000000000001421e+00 1.008715100867145109e+00
9.025000000000000355e+00 1.008597789732193606e+00
9.074999999999999289e+00 1.007154296209361366e+00
9.125000000000000000e+00 1.006459883047058579e+00
9.175000000000000711e+00 1.009014839185768952e+00
9.225000000000001421e+00 1.006807253275462610e+00
9.275000000000000355e+00 1.007589848946044420e+00
9.324999999999999289e+00 1.005387478129718293e+00
9.375000000000000000e+00 1.005196643512442867e+00
9.425000000000000711e+00 1.003200177945583915e+00
9.475000000000001421e+00 1.002683035909482712e+00
9.525000000000000355e+00 1.003399077904110870e+00
9.575000000000001066e+00 1.001781129461262854e+00
9.625000000000000000e+00 1.003184224441192818e+00
9.675000000000000711e+00 9.996861037854311016e-01
9.725000000000001421e+00 9.999501819100734545e-01
9.775000000000000355e+00 9.987501832555963910e-01
9.825000000000001066e+00 9.960311430264577881e-01
9.875000000000000000e+00 9.971609713796357743e-01
9.925000000000000711e+00 9.975923256353816937e-01
9.975000000000001421e+00 9.969909216350522074e-01
