r [A]    g_OO(r)
2.500000000000000139e-02 0.000000000000000000e+00
7.500000000000001110e-02 0.000000000000000000e+00
1.250000000000000000e-01 0.000000000000000000e+00
1.750000000000000167e-01 0.000000000000000000e+00
2.250000000000000056e-01 0.000000000000000000e+00
2.750000000000000222e-01 0.000000000000000000e+00
3.250000000000000666e-01 0.000000000000000000e+00
3.750000000000000000e-01 0.000000000000000000e+00
4.250000000000000444e-01 0.000000000000000000e+00
4.749999999999999778e-01 0.000000000000000000e+00
5.250000000000000222e-01 0.000000000000000000e+00
5.750000000000000666e-01 0.000000000000000000e+00
6.250000000000000000e-01 0.000000000000000000e+00
6.750000000000000444e-01 0.000000000000000000e+00
7.250000000000000888e-01 0.000000000000000000e+00
7.750000000000000222e-01 0.000000000000000000e+00
8.250000000000000666e-01 0.000000000000000000e+00
8.750000000000000000e-01 0.000000000000000000e+00
9.250000000000000444e-01 0.000000000000000000e+00
9.750000000000000888e-01 0.000000000000000000e+00
1.024999999999999911e+00 0.000000000000000000e+00
1.075000000000000178e+00 0.000000000000000000e+00
1.125000000000000000e+00 0.000000000000000000e+00
1.175000000000000266e+00 0.000000000000000000e+00
1.225000000000000089e+00 0.000000000000000000e+00
1.274999999999999911e+00 0.000000000000000000e+00
1.325000000000000178e+00 0.000000000000000000e+00
1.375000000000000000e+00 0.000000000000000000e+00
1.425000000000000266e+00 0.000000000000000000e+00
1.475000000000000089e+00 0.000000000000000000e+00
1.524999999999999911e+00 0.000000000000000000e+00
1.575000000000000178e+00 0.000000000000000000e+00
1.625000000000000000e+00 0.000000000000000000e+00
1.675000000000000266e+00 0.000000000000000000e+00
1.725000000000000089e+00 0.000000000000000000e+00
1.774999999999999911e+00 0.000000000000000000e+00
1.825000000000000178e+00 0.000000000000000000e+00
1.875000000000000000e+00 0.000000000000000000e+00
1.925000000000000266e+00 0.000000000000000000e+00
1.975000000000000089e+00 0.000000000000000000e+00
2.025000000000000355e+00 0.000000000000000000e+00
2.075000000000000178e+00 0.000000000000000000e+00
2.125000000000000000e+00 0.000000000000000000e+00
2.174999999999999822e+00 0.000000000000000000e+00
2.225000000000000089e+00 0.000000000000000000e+00
2.275000000000000355e+00 0.000000000000000000e+00
2.325000000000000178e+00 0.000000000000000000e+00
2.375000000000000000e+00 3.435216798500248070e-04
2.425000000000000266e+00 1.028779633310126888e-02
2.475000000000000089e+00 1.043342229751209743e-01
2.525000000000000355e+00 4.773414285084756625e-01
2.575000000000000178e+00 1.275158843511787099e+00
2.625000000000000000e+00 2.278992880003579913e+00
2.675000000000000266e+00 3.018046551680348522e+00
2.725000000000000089e+00 3.240018781942278547e+00
2.775000000000000355e+00 3.010789990804119132e+00
2.825000000000000178e+00 2.539313205998968925e+00
2.875000000000000000e+00 2.056669011156396554e+00
2.925000000000000266e+00 1.613601417653050207e+00
2.975000000000000089e+00 1.258347619202327294e+00
3.025000000000000355e+00 1.017325337427503973e+00
3.075000000000000178e+00 8.499202707668684909e-01
3.125000000000000000e+00 7.422386586273693743e-01
3.175000000000000266e+00 6.722931828172002966e-01
3.225000000000000089e+00 6.342202384254932435e-01
3.275000000000000355e+00 6.180842241698412121e-01
3.325000000000000178e+00 6.102586085733162635e-01
3.375000000000000000e+00 6.188773894792424235e-01
3.425000000000000266e+00 6.309119475807953847e-01
3.475000000000000089e+00 6.549557088910669123e-01
3.525000000000000355e+00 6.750779253524800128e-01
3.575000000000000178e+00 7.052560711868246512e-01
3.625000000000000000e+00 7.398154929307927397e-01
3.675000000000000266e+00 7.737364050978797758e-01
3.725000000000000089e+00 8.225491000121215590e-01
3.775000000000000355e+00 8.620172764661285791e-01
3.825000000000000178e+00 9.009421513800892622e-01
3.875000000000000000e+00 9.436204863511116203e-01
3.925000000000000266e+00 9.903162985896568626e-01
3.975000000000000089e+00 1.025923784843455477e+00
4.025000000000000355e+00 1.066770059839925233e+00
4.075000000000000178e+00 1.103648943171843699e+00
4.125000000000000000e+00 1.144713160198610025e+00
4.175000000000000711e+00 1.175507541940828071e+00
4.224999999999999645e+00 1.207372662139447161e+00
4.275000000000000355e+00 1.228869450149253861e+00
4.325000000000000178e+00 1.243167798644088107e+00
4.375000000000000000e+00 1.258362491859071230e+00
4.425000000000000711e+00 1.263881237102401744e+00
4.474999999999999645e+00 1.266550485717375274e+00
4.525000000000000355e+00 1.260544687591727664e+00
4.575000000000000178e+00 1.241119827929376918e+00
4.625000000000000000e+00 1.235466619083607664e+00
4.675000000000000711e+00 1.211653739650371042e+00
4.724999999999999645e+00 1.189126119583364449e+00
4.775000000000000355e+00 1.162658568326281783e+00
4.825000000000001066e+00 1.135570447320874088e+00
4.875000000000000000e+00 1.103848761182605998e+00
4.925000000000000711e+00 1.073658399226022686e+00
4.974999999999999645e+00 1.042190900965386025e+00
5.025000000000000355e+00 1.017307859356315403e+00
5.075000000000001066e+00 9.865817413626678523e-01
5.125000000000000000e+00 9.612816462860492850e-01
5.175000000000000711e+00 9.402274052146477601e-01
5.224999999999999645e+00 9.155010624236096239e-01
5.275000000000000355e+00 8.968854997787240046e-01
5.325000000000001066e+00 8.835310273954487537e-01
5.375000000000000000e+00 8.679411347044991842e-01
5.425000000000000711e+00 8.568590141786628367e-01
5.474999999999999645e+00 8.504380488715785891e-01
5.525000000000000355e+00 8.498176945078126376e-01
5.575000000000001066e+00 8.491796661845626426e-01
5.625000000000000000e+00 8.491512259454062628e-01
5.675000000000000711e+00 8.565563549457853032e-01
5.724999999999999645e+00 8.616266645194583518e-01
5.775000000000000355e+00 8.696571171784402976e-01
5.825000000000001066e+00 8.792626614709273536e-01
5.875000000000000000e+00 8.895394396929566794e-01
5.925000000000000711e+00 8.989959747727378492e-01
5.974999999999999645e+00 9.164377761418801560e-01
6.025000000000000355e+00 9.279330814574383579e-01
6.075000000000001066e+00 9.412259025252831535e-01
6.125000000000000000e+00 9.538566016385982005e-01
6.175000000000000711e+00 9.706656203666420568e-01
6.224999999999999645e+00 9.845967830930077991e-01
6.275000000000000355e+00 1.001024495875203257e+00
6.325000000000001066e+00 1.015264472635224235e+00
6.375000000000000000e+00 1.027641001835509549e+00
6.425000000000000711e+00 1.037627958954395746e+00
6.474999999999999645e+00 1.045806225062378081e+00
6.525000000000000355e+00 1.055481477892871167e+00
6.575000000000001066e+00 1.057585804194736356e+00
6.625000000000000000e+00 1.064912437940635392e+00
6.675000000000000711e+00 1.066926877145206287e+00
6.724999999999999645e+00 1.068725812219651461e+00
6.775000000000000355e+00 1.068012630792762208e+00
6.825000000000001066e+00 1.067189376813926671e+00
6.875000000000000000e+00 1.059492032904571612e+00
6.925000000000000711e+00 1.060507112340031144e+00
6.974999999999999645e+00 1.051672491903805184e+00
7.025000000000000355e+00 1.042950509794384750e+00
7.075000000000001066e+00 1.039773752704588938e+00
7.125000000000000000e+00 1.031226563343693003e+00
7.175000000000000711e+00 1.023277943508978050e+00
7.224999999999999645e+00 1.016318037106661798e+00
7.275000000000000355e+00 1.011278697465224363e+00
7.325000000000001066e+00 1.003787873087474081e+00
7.375000000000000000e+00 9.982709835100169737e-01
7.425000000000000711e+00 9.966481690524762183e-01
7.474999999999999645e+00 9.920219049646684661e-01
7.525000000000000355e+00 9.895214218973095166e-01
7.575000000000001066e+00 9.873379977549582298e-01
7.625000000000000000e+00 9.863300891081481225e-01
7.675000000000000711e+00 9.850361107139865569e-01
7.724999999999999645e+00 9.861137958137792259e-01
7.775000000000000355e+00 9.882025166670752592e-01
7.825000000000001066e+00 9.847617504701494662e-01
7.875000000000000000e+00 9.881504674230706664e-01
7.925000000000000711e+00 9.913892498959537836e-01
7.974999999999999645e+00 9.931338948038940240e-01
8.025000000000000355e+00 9.953717035418554460e-01
8.074999999999999289e+00 9.992727061129371702e-01
8.125000000000000000e+00 9.979783725924564752e-01
8.175000000000000711e+00 1.001716552224291679e+00
8.225000000000001421e+00 1.003403070434907951e+00
8.275000000000000355e+00 1.004227473960440209e+00
8.324999999999999289e+00 1.005654066771672239e+00
8.375000000000000000e+00 1.007546055476994828e+00
8.425000000000000711e+00 1.010884568004677631e+00
8.475000000000001421e+00 1.009759339345422724e+00
8.525000000000000355e+00 1.008082807628603250e+00
8.574999999999999289e+00 1.009625325608566992e+00
8.625000000000000000e+00 1.012271323687964575e+00
8.675000000000000711e+00 1.011303311884525380e+00
8.725000000000001421e+00 1.009605080501327912e+00
8.775000000000000355e+00 1.010140458699181121e+00
8.824999999999999289e+00 1.008213114844716429e+00
8.875000000000000000e+00 1.006295026978810681e+00
8.925000000000000711e+00 1.007743306368036551e+00
8.975000000000001421e+00 1.002174093308368485e+00
9.025000000000000355e+00 1.001165123915711330e+00
9.074999999999999289e+00 9.990273093492686440e-01
9.125000000000000000e+00 9.983939445422768122e-01
9.175000000000000711e+00 9.951381744411268437e-01
9.225000000000001421e+00 9.937296566425172228e-01
9.275000000000000355e+00 9.935700173914867595e-01
9.324999999999999289e+00 9.911864112212778188e-01
9.375000000000000000e+00 9.889880725417639074e-01
9.425000000000000711e+00 9.885776929307361627e-01
9.475000000000001421e+00 9.899651303801916269e-01
9.525000000000000355e+00 9.898475174445934277e-01
9.575000000000001066e+00 9.880873083017877034e-01
9.625000000000000000e+00 9.867470843487489152e-01
9.675000000000000711e+00 9.882281228198429579e-01
9.725000000000001421e+00 9.884928988271823869e-01
9.775000000000000355e+00 9.877383968909733136e-01
9.825000000000001066e+00 9.910073987643718274e-01
9.875000000000000000e+00 9.913391210575389634e-01
9.925000000000000711e+00 9.929263937839312160e-01
9.975000000000001421e+00 9.934583708718232042e-01
