r [A]    g_OO(r)
2.500000000000000139e-02 0.000000000000000000e+00
7.500000000000001110e-02 0.000000000000000000e+00
1.250000000000000000e-01 0.000000000000000000e+00
1.750000000000000167e-01 0.000000000000000000e+00
2.250000000000000056e-01 0.000000000000000000e+00
2.750000000000000222e-01 0.000000000000000000e+00
3.250000000000000666e-01 0.000000000000000000e+00
3.750000000000000000e-01 0.000000000000000000e+00
4.250000000000000444e-01 0.000000000000000000e+00
4.749999999999999778e-01 0.000000000000000000e+00
5.250000000000000222e-01 0.000000000000000000e+00
5.750000000000000666e-01 0.000000000000000000e+00
6.250000000000000000e-01 0.000000000000000000e+00
6.750000000000000444e-01 0.000000000000000000e+00
7.250000000000000888e-01 0.000000000000000000e+00
7.750000000000000222e-01 0.000000000000000000e+00
8.250000000000000666e-01 0.000000000000000000e+00
8.750000000000000000e-01 0.000000000000000000e+00
9.250000000000000444e-01 0.000000000000000000e+00
9.750000000000000888e-01 0.000000000000000000e+00
1.024999999999999911e+00 0.000000000000000000e+00
1.075000000000000178e+00 0.000000000000000000e+00
1.125000000000000000e+00 0.000000000000000000e+00
1.175000000000000266e+00 0.000000000000000000e+00
1.225000000000000089e+00 0.000000000000000000e+00
1.274999999999999911e+00 0.000000000000000000e+00
1.325000000000000178e+00 0.000000000000000000e+00
1.375000000000000000e+00 0.000000000000000000e+00
1.425000000000000266e+00 0.000000000000000000e+00
1.475000000000000089e+00 0.000000000000000000e+00
1.524999999999999911e+00 0.000000000000000000e+00
1.575000000000000178e+00 0.000000000000000000e+00
1.625000000000000000e+00 0.000000000000000000e+00
1.675000000000000266e+00 0.000000000000000000e+00
1.725000000000000089e+00 0.000000000000000000e+00
1.774999999999999911e+00 0.000000000000000000e+00
1.825000000000000178e+00 0.000000000000000000e+00
1.875000000000000000e+00 0.000000000000000000e+00
1.925000000000000266e+00 0.000000000000000000e+00
1.975000000000000089e+00 0.000000000000000000e+00
2.025000000000000355e+00 0.000000000000000000e+00
2.075000000000000178e+00 0.000000000000000000e+00
2.125000000000000000e+00 0.000000000000000000e+00
2.174999999999999822e+00 0.000000000000000000e+00
2.225000000000000089e+00 0.000000000000000000e+00
2.275000000000000355e+00 0.000000000000000000e+00
2.325000000000000178e+00 0.000000000000000000e+00
2.375000000000000000e+00 3.877423850383369231e-05
2.425000000000000266e+00 9.855837808502207996e-04
2.475000000000000089e+00 2.003015130765967503e-02
2.525000000000000355e+00 1.473373171817247973e-01
2.575000000000000178e+00 5.612587810818662204e-01
2.625000000000000000e+00 1.324391391214681191e+00
2.675000000000000266e+00 2.145886483533394617e+00
2.725000000000000089e+00 2.717658034684299118e+00
2.775000000000000355e+00 2.867152825433989083e+00
2.825000000000000178e+00 2.695252271177869474e+00
2.875000000000000000e+00 2.349847968536543430e+00
2.925000000000000266e+00 1.995824344814715712e+00
2.975000000000000089e+00 1.664875730926960395e+00
3.025000000000000355e+00 1.404275280708275675e+00
3.075000000000000178e+00 1.232617649549236249e+00
3.125000000000000000e+00 1.101071733161582911e+00
3.175000000000000266e+00 1.019378517300829845e+00
3.225000000000000089e+00 9.627492063968101643e-01
3.275000000000000355e+00 9.298047722211509880e-01
3.325000000000000178e+00 9.054443051905285422e-01
3.375000000000000000e+00 8.941381906260699175e-01
3.425000000000000266e+00 8.919205208806871843e-01
3.475000000000000089e+00 8.844332333542982427e-01
3.525000000000000355e+00 8.916800722598827722e-01
3.575000000000000178e+00 9.002575707817569439e-01
3.625000000000000000e+00 9.059702587588918110e-01
3.675000000000000266e+00 9.159639880958702074e-01
3.725000000000000089e+00 9.245623664570141731e-01
3.775000000000000355e+00 9.357096528451672723e-01
3.825000000000000178e+00 9.442726709589424061e-01
3.875000000000000000e+00 9.549107931578102448e-01
3.925000000000000266e+00 9.695308724369808839e-01
3.975000000000000089e+00 9.749024424686163481e-01
4.025000000000000355e+00 9.848802245140741984e-01
4.075000000000000178e+00 9.947099861137747023e-01
4.125000000000000000e+00 1.004329362019660721e+00
4.175000000000000711e+00 1.019435357996568703e+00
4.224999999999999645e+00 1.017663716757305714e+00
4.275000000000000355e+00 1.023827598221063395e+00
4.325000000000000178e+00 1.034598341503743191e+00
4.375000000000000000e+00 1.030979874705378885e+00
4.425000000000000711e+00 1.033939536072666643e+00
4.474999999999999645e+00 1.030792664874306430e+00
4.525000000000000355e+00 1.038742196497231207e+00
4.575000000000000178e+00 1.035483069837666470e+00
4.625000000000000000e+00 1.031967941010016654e+00
4.675000000000000711e+00 1.032013176821862555e+00
4.724999999999999645e+00 1.030865318309330592e+00
4.775000000000000355e+00 1.028483790318173829e+00
4.825000000000001066e+00 1.023015005588304938e+00
4.875000000000000000e+00 1.016158782497609270e+00
4.925000000000000711e+00 1.014765466142406147e+00
4.974999999999999645e+00 1.012361011513836839e+00
5.025000000000000355e+00 1.010149676586330481e+00
5.075000000000001066e+00 1.004958225133695038e+00
5.125000000000000000e+00 1.004980540021623847e+00
5.175000000000000711e+00 1.003103384161427192e+00
5.224999999999999645e+00 9.933545994035787308e-01
5.275000000000000355e+00 9.926952097710443068e-01
5.325000000000001066e+00 9.873807029928572954e-01
5.375000000000000000e+00 9.803272887839119543e-01
5.425000000000000711e+00 9.760106218827988567e-01
5.474999999999999645e+00 9.695385780379519591e-01
5.525000000000000355e+00 9.629607621320670496e-01
5.575000000000001066e+00 9.599522943843282752e-01
5.625000000000000000e+00 9.526814888245750401e-01
5.675000000000000711e+00 9.503861106155272465e-01
5.724999999999999645e+00 9.454060137732748226e-01
5.775000000000000355e+00 9.447507305129203559e-01
5.825000000000001066e+00 9.473272460941275508e-01
5.875000000000000000e+00 9.531236030680581006e-01
5.925000000000000711e+00 9.495376142058300495e-01
5.974999999999999645e+00 9.568335416531106308e-01
6.025000000000000355e+00 9.646974275673140253e-01
6.075000000000001066e+00 9.705144610571722064e-01
6.125000000000000000e+00 9.746087139139700817e-01
6.175000000000000711e+00 9.871107539441148493e-01
6.224999999999999645e+00 9.891926307075229463e-01
6.275000000000000355e+00 9.925439460458599372e-01
6.325000000000001066e+00 9.998730728647823307e-01
6.375000000000000000e+00 1.003651604024664801e+00
6.425000000000000711e+00 1.008354848566178186e+00
6.474999999999999645e+00 1.016166353353667562e+00
6.525000000000000355e+00 1.017975182205740348e+00
6.575000000000001066e+00 1.022644739006145720e+00
6.625000000000000000e+00 1.025946629095168428e+00
6.675000000000000711e+00 1.026205230782061051e+00
6.724999999999999645e+00 1.027406698994522083e+00
6.775000000000000355e+00 1.029378314499935776e+00
6.825000000000001066e+00 1.032945233373600447e+00
6.875000000000000000e+00 1.032891775446464599e+00
6.925000000000000711e+00 1.032223624319848376e+00
6.974999999999999645e+00 1.031021088287058740e+00
7.025000000000000355e+00 1.029608480488253042e+00
7.075000000000001066e+00 1.027936049141557229e+00
7.125000000000000000e+00 1.024871235555918414e+00
7.175000000000000711e+00 1.024820935377965148e+00
7.224999999999999645e+00 1.024994387966696063e+00
7.275000000000000355e+00 1.018908762040481086e+00
7.325000000000001066e+00 1.016706622203258581e+00
7.375000000000000000e+00 1.013764604278635906e+00
7.425000000000000711e+00 1.012765222123081399e+00
7.474999999999999645e+00 1.006560241140218137e+00
7.525000000000000355e+00 1.008195819897683698e+00
7.575000000000001066e+00 1.002191583002342457e+00
7.625000000000000000e+00 9.996226188793467804e-01
7.675000000000000711e+00 9.972228208132465355e-01
7.724999999999999645e+00 9.973796088203242816e-01
7.775000000000000355e+00 9.960677686030324773e-01
7.825000000000001066e+00 9.939309875715020004e-01
7.875000000000000000e+00 9.934414726567726284e-01
7.925000000000000711e+00 9.912570934884570306e-01
7.974999999999999645e+00 9.898556531968429884e-01
8.025000000000000355e+00 9.874118858414080435e-01
8.074999999999999289e+00 9.908846101412391860e-01
8.125000000000000000e+00 9.879156354181257704e-01
8.175000000000000711e+00 9.879951208062756063e-01
8.225000000000001421e+00 9.880093626941890417e-01
8.275000000000000355e+00 9.879399401562197758e-01
8.324999999999999289e+00 9.904959998669048415e-01
8.375000000000000000e+00 9.897385677747021493e-01
8.425000000000000711e+00 9.908890493316676595e-01
8.475000000000001421e+00 9.955992413912286843e-01
8.525000000000000355e+00 9.928179612769237883e-01
8.574999999999999289e+00 9.962727199809072731e-01
8.625000000000000000e+00 9.945767628696081664e-01
8.675000000000000711e+00 9.962859876553524785e-01
8.725000000000001421e+00 9.955190558561374248e-01
8.775000000000000355e+00 9.989698356155006786e-01
8.824999999999999289e+00 9.979046668209557991e-01
8.875000000000000000e+00 9.992380735068753239e-01
8.925000000000000711e+00 1.000248397957814728e+00
8.975000000000001421e+00 1.002928324178247621e+00
9.025000000000000355e+00 1.004467214366770778e+00
9.074999999999999289e+00 1.003320679309576802e+00
9.125000000000000000e+00 1.003284153549700797e+00
9.175000000000000711e+00 1.003817594122646595e+00
9.225000000000001421e+00 1.002910682319534841e+00
9.275000000000000355e+00 1.003608643587903249e+00
9.324999999999999289e+00 1.004935773047621383e+00
9.375000000000000000e+00 1.003894345223941720e+00
9.425000000000000711e+00 1.003675237991318969e+00
9.475000000000001421e+00 1.004707023692555934e+00
9.525000000000000355e+00 1.004555344950434304e+00
9.575000000000001066e+00 1.004032354389240211e+00
9.625000000000000000e+00 1.003724507591369441e+00
9.675000000000000711e+00 1.002168366877928873e+00
9.725000000000001421e+00 1.004308636737928140e+00
9.775000000000000355e+00 1.002374446898511628e+00
9.825000000000001066e+00 1.004104893749003136e+00
9.875000000000000000e+00 1.002178277787805438e+00
9.925000000000000711e+00 1.002874995284068982e+00
9.975000000000001421e+00 1.003343655132906687e+00
