r [A]    g_OO(r)
2.500000000000000139e-02 0.000000000000000000e+00
7.500000000000001110e-02 0.000000000000000000e+00
1.250000000000000000e-01 0.000000000000000000e+00
1.750000000000000167e-01 0.000000000000000000e+00
2.250000000000000056e-01 0.000000000000000000e+00
2.750000000000000222e-01 0.000000000000000000e+00
3.250000000000000666e-01 0.000000000000000000e+00
3.750000000000000000e-01 0.000000000000000000e+00
4.250000000000000444e-01 0.000000000000000000e+00
4.749999999999999778e-01 0.000000000000000000e+00
5.250000000000000222e-01 0.000000000000000000e+00
5.750000000000000666e-01 0.000000000000000000e+00
6.250000000000000000e-01 0.000000000000000000e+00
6.750000000000000444e-01 0.000000000000000000e+00
7.250000000000000888e-01 0.000000000000000000e+00
7.750000000000000222e-01 0.000000000000000000e+00
8.250000000000000666e-01 0.000000000000000000e+00
8.750000000000000000e-01 0.000000000000000000e+00
9.250000000000000444e-01 0.000000000000000000e+00
9.750000000000000888e-01 0.000000000000000000e+00
1.024999999999999911e+00 0.000000000000000000e+00
1.075000000000000178e+00 0.000000000000000000e+00
1.125000000000000000e+00 0.000000000000000000e+00
1.175000000000000266e+00 0.000000000000000000e+00
1.225000000000000089e+00 0.000000000000000000e+00
1.274999999999999911e+00 0.000000000000000000e+00
1.325000000000000178e+00 0.000000000000000000e+00
1.375000000000000000e+00 0.000000000000000000e+00
1.425000000000000266e+00 0.000000000000000000e+00
1.475000000000000089e+00 0.000000000000000000e+00
1.524999999999999911e+00 0.000000000000000000e+00
1.575000000000000178e+00 0.000000000000000000e+00
1.625000000000000000e+00 0.000000000000000000e+00
1.675000000000000266e+00 0.000000000000000000e+00
1.725000000000000089e+00 0.000000000000000000e+00
1.774999999999999911e+00 0.000000000000000000e+00
1.825000000000000178e+00 0.000000000000000000e+00
1.875000000000000000e+00 0.000000000000000000e+00
1.925000000000000266e+00 0.000000000000000000e+00
1.975000000000000089e+00 0.000000000000000000e+00
2.025000000000000355e+00 0.000000000000000000e+00
2.075000000000000178e+00 0.000000000000000000e+00
2.125000000000000000e+00 0.000000000000000000e+00
2.174999999999999822e+00 0.000000000000000000e+00
2.225000000000000089e+00 0.000000000000000000e+00
2.275000000000000355e+00 0.000000000000000000e+00
2.325000000000000178e+00 0.000000000000000000e+00
2.375000000000000000e+00 0.000000000000000000e+00
2.425000000000000266e+00 9.297960196700196683e-05
2.475000000000000089e+00 2.499305867265913007e-03
2.525000000000000355e+00 4.109664865744035167e-02
2.575000000000000178e+00 2.722099315846199241e-01
2.625000000000000000e+00 9.178422274090169974e-01
2.675000000000000266e+00 1.915761576693294055e+00
2.725000000000000089e+00 2.813338707131255223e+00
2.775000000000000355e+00 3.240198806926255060e+00
2.825000000000000178e+00 3.120188813123718763e+00
2.875000000000000000e+00 2.688265978610222540e+00
2.925000000000000266e+00 2.150510477710086743e+00
2.975000000000000089e+00 1.689686263994862214e+00
3.025000000000000355e+00 1.332976984255311415e+00
3.075000000000000178e+00 1.098101695356504370e+00
3.125000000000000000e+00 9.490901050828550733e-01
3.175000000000000266e+00 8.631418660704345269e-01
3.225000000000000089e+00 8.184167355981445402e-01
3.275000000000000355e+00 7.926597408468643025e-01
3.325000000000000178e+00 7.965678348317429824e-01
3.375000000000000000e+00 8.103724393540990834e-01
3.425000000000000266e+00 8.162599308888642824e-01
3.475000000000000089e+00 8.314099839708183337e-01
3.525000000000000355e+00 8.495673837826083208e-01
3.575000000000000178e+00 8.657319960133881276e-01
3.625000000000000000e+00 8.740216644396522350e-01
3.675000000000000266e+00 8.918586071978812368e-01
3.725000000000000089e+00 9.020376309817889071e-01
3.775000000000000355e+00 9.257028837134231303e-01
3.825000000000000178e+00 9.371269610901314939e-01
3.875000000000000000e+00 9.531628860346683663e-01
3.925000000000000266e+00 9.735131746564487099e-01
3.975000000000000089e+00 9.933749193351902873e-01
4.025000000000000355e+00 1.011199409146195327e+00
4.075000000000000178e+00 1.026821410623952380e+00
4.125000000000000000e+00 1.040975696367715031e+00
4.175000000000000711e+00 1.061941109500844416e+00
4.224999999999999645e+00 1.078197658419531191e+00
4.275000000000000355e+00 1.092510017010076773e+00
4.325000000000000178e+00 1.106074940661918360e+00
4.375000000000000000e+00 1.115646959384479331e+00
4.425000000000000711e+00 1.123121268137726503e+00
4.474999999999999645e+00 1.125971069795391966e+00
4.525000000000000355e+00 1.125291584090489572e+00
4.575000000000000178e+00 1.120516760217451280e+00
4.625000000000000000e+00 1.120213894173064828e+00
4.675000000000000711e+00 1.110485827388876912e+00
4.724999999999999645e+00 1.101641423949816456e+00
4.775000000000000355e+00 1.091559857558170865e+00
4.825000000000001066e+00 1.078674560288239270e+00
4.875000000000000000e+00 1.063301592472196022e+00
4.925000000000000711e+00 1.053147058033385708e+00
4.974999999999999645e+00 1.037550408155118564e+00
5.025000000000000355e+00 1.024437403800063429e+00
5.075000000000001066e+00 1.010647877629561542e+00
5.125000000000000000e+00 9.949338572952762805e-01
5.175000000000000711e+00 9.789331530549191251e-01
5.224999999999999645e+00 9.611205663151511924e-01
5.275000000000000355e+00 9.480959452047327263e-01
5.325000000000001066e+00 9.365843088365131131e-01
5.375000000000000000e+00 9.252251618544472533e-01
5.425000000000000711e+00 9.102481421136573436e-01
5.474999999999999645e+00 9.005901912353478922e-01
5.525000000000000355e+00 8.912637237586321648e-01
5.575000000000001066e+00 8.827623145649438063e-01
5.625000000000000000e+00 8.781710529047084268e-01
5.675000000000000711e+00 8.802796678043334211e-01
5.724999999999999645e+00 8.816237647154480106e-01
5.775000000000000355e+00 8.867965578495300427e-01
5.825000000000001066e+00 8.956043374527737910e-01
5.875000000000000000e+00 9.092319416149717837e-01
5.925000000000000711e+00 9.202771248246488511e-01
5.974999999999999645e+00 9.293258255927546729e-01
6.025000000000000355e+00 9.440220259853038254e-01
6.075000000000001066e+00 9.548450389418018380e-01
6.125000000000000000e+00 9.704518914397184393e-01
6.175000000000000711e+00 9.821548373225347239e-01
6.224999999999999645e+00 9.873554304741781751e-01
6.275000000000000355e+00 9.990623291441537157e-01
6.325000000000001066e+00 1.008155847730013877e+00
6.375000000000000000e+00 1.018828153751325516e+00
6.425000000000000711e+00 1.026098918365081714e+00
6.474999999999999645e+00 1.030496924555352134e+00
6.525000000000000355e+00 1.038300369597668027e+00
6.575000000000001066e+00 1.045194169209654911e+00
6.625000000000000000e+00 1.047065644701934195e+00
6.675000000000000711e+00 1.046768508220322857e+00
6.724999999999999645e+00 1.048211826106615341e+00
6.775000000000000355e+00 1.052831810300093984e+00
6.825000000000001066e+00 1.054469278829749612e+00
6.875000000000000000e+00 1.053694356755269235e+00
6.925000000000000711e+00 1.053990246567991562e+00
6.974999999999999645e+00 1.051856359030866050e+00
7.025000000000000355e+00 1.052696575303315951e+00
7.075000000000001066e+00 1.048750167461599769e+00
7.125000000000000000e+00 1.043388696483029454e+00
7.175000000000000711e+00 1.039975521720496454e+00
7.224999999999999645e+00 1.037369412952683811e+00
7.275000000000000355e+00 1.032874738039150087e+00
7.325000000000001066e+00 1.026646758995227948e+00
7.375000000000000000e+00 1.020685171683747727e+00
7.425000000000000711e+00 1.015397507162562274e+00
7.474999999999999645e+00 1.011010886571780620e+00
7.525000000000000355e+00 1.007394344787093221e+00
7.575000000000001066e+00 1.002248758631639092e+00
7.625000000000000000e+00 1.000634565427187983e+00
7.675000000000000711e+00 9.956262187112199236e-01
7.724999999999999645e+00 9.896205523784996627e-01
7.775000000000000355e+00 9.903818761793052872e-01
7.825000000000001066e+00 9.880621250162735514e-01
7.875000000000000000e+00 9.864460144494898719e-01
7.925000000000000711e+00 9.852150194580417963e-01
7.974999999999999645e+00 9.827697313470104001e-01
8.025000000000000355e+00 9.859837778201371306e-01
8.074999999999999289e+00 9.825676578841268105e-01
8.125000000000000000e+00 9.853446467833842926e-01
8.175000000000000711e+00 9.828945770746650989e-01
8.225000000000001421e+00 9.875195545211495896e-01
8.275000000000000355e+00 9.860793738627353644e-01
8.324999999999999289e+00 9.849590559053725825e-01
8.375000000000000000e+00 9.869056070366289957e-01
8.425000000000000711e+00 9.882483055028100649e-01
8.475000000000001421e+00 9.931722725907197180e-01
8.525000000000000355e+00 9.944446041825634186e-01
8.574999999999999289e+00 9.937443770253716613e-01
8.625000000000000000e+00 9.949075279425747542e-01
8.675000000000000711e+00 9.976490609805965804e-01
8.725000000000001421e+00 9.980905025210567993e-01
8.775000000000000355e+00 9.988164499129287277e-01
8.824999999999999289e+00 9.970972574147654033e-01
8.875000000000000000e+00 9.984022488689701103e-01
8.925000000000000711e+00 9.989990587872499272e-01
8.975000000000001421e+00 1.000952949395609304e+00
9.025000000000000355e+00 1.001043471044609445e+00
9.074999999999999289e+00 1.001804228638536021e+00
9.125000000000000000e+00 1.000290965228332718e+00
9.175000000000000711e+00 1.000964765620168340e+00
9.225000000000001421e+00 1.001040922898214891e+00
9.275000000000000355e+00 1.000645382385221716e+00
9.324999999999999289e+00 1.001431976015963343e+00
9.375000000000000000e+00 9.992781211969555821e-01
9.425000000000000711e+00 1.000006564365941708e+00
9.475000000000001421e+00 1.000439880252065761e+00
9.525000000000000355e+00 1.000971736987130489e+00
9.575000000000001066e+00 1.000766390027623354e+00
9.625000000000000000e+00 1.002492099345673626e+00
9.675000000000000711e+00 1.001230223578422729e+00
9.725000000000001421e+00 1.001832965105173612e+00
9.775000000000000355e+00 1.003604802171729427e+00
9.825000000000001066e+00 1.000831953806543773e+00
9.875000000000000000e+00 1.001531198905788234e+00
9.925000000000000711e+00 1.002569694939677847e+00
9.975000000000001421e+00 1.001907155830952467e+00
