r [A]    g_OO(r)
2.500000000000000139e-02 0.000000000000000000e+00
7.500000000000001110e-02 0.000000000000000000e+00
1.250000000000000000e-01 0.000000000000000000e+00
1.750000000000000167e-01 0.000000000000000000e+00
2.250000000000000056e-01 0.000000000000000000e+00
2.750000000000000222e-01 0.000000000000000000e+00
3.250000000000000666e-01 0.000000000000000000e+00
3.750000000000000000e-01 0.000000000000000000e+00
4.250000000000000444e-01 0.000000000000000000e+00
4.749999999999999778e-01 0.000000000000000000e+00
5.250000000000000222e-01 0.000000000000000000e+00
5.750000000000000666e-01 0.000000000000000000e+00
6.250000000000000000e-01 0.000000000000000000e+00
6.750000000000000444e-01 0.000000000000000000e+00
7.250000000000000888e-01 0.000000000000000000e+00
7.750000000000000222e-01 0.000000000000000000e+00
8.250000000000000666e-01 0.000000000000000000e+00
8.750000000000000000e-01 0.000000000000000000e+00
9.250000000000000444e-01 0.000000000000000000e+00
9.750000000000000888e-01 0.000000000000000000e+00
1.024999999999999911e+00 0.000000000000000000e+00
1.075000000000000178e+00 0.000000000000000000e+00
1.125000000000000000e+00 0.000000000000000000e+00
1.175000000000000266e+00 0.000000000000000000e+00
1.225000000000000089e+00 0.000000000000000000e+00
1.274999999999999911e+00 0.000000000000000000e+00
1.325000000000000178e+00 0.000000000000000000e+00
1.375000000000000000e+00 0.000000000000000000e+00
1.425000000000000266e+00 0.000000000000000000e+00
1.475000000000000089e+00 0.000000000000000000e+00
1.524999999999999911e+00 0.000000000000000000e+00
1.575000000000000178e+00 0.000000000000000000e+00
1.625000000000000000e+00 0.000000000000000000e+00
1.675000000000000266e+00 0.000000000000000000e+00
1.725000000000000089e+00 0.000000000000000000e+00
1.774999999999999911e+00 0.000000000000000000e+00
1.825000000000000178e+00 0.000000000000000000e+00
1.875000000000000000e+00 0.000000000000000000e+00
1.925000000000000266e+00 0.000000000000000000e+00
1.975000000000000089e+00 0.000000000000000000e+00
2.025000000000000355e+00 0.000000000000000000e+00
2.075000000000000178e+00 0.000000000000000000e+00
2.125000000000000000e+00 0.000000000000000000e+00
2.174999999999999822e+00 0.000000000000000000e+00
2.225000000000000089e+00 0.000000000000000000e+00
2.275000000000000355e+00 0.000000000000000000e+00
2.325000000000000178e+00 0.000000000000000000e+00
2.375000000000000000e+00 1.943093195079123616e-05
2.425000000000000266e+00 2.236553408670664377e-04
2.475000000000000089e+00 6.387632741102152595e-03
2.525000000000000355e+00 7.723895005077158205e-02
2.575000000000000178e+00 4.004850898664391035e-01
2.625000000000000000e+00 1.169436267759275783e+00
2.675000000000000266e+00 2.210533921405600566e+00
2.725000000000000089e+00 3.021320615584475622e+00
2.775000000000000355e+00 3.309449461722372643e+00
2.825000000000000178e+00 3.090062867118866130e+00
2.875000000000000000e+00 2.607433769102530885e+00
2.925000000000000266e+00 2.090727339900967596e+00
2.975000000000000089e+00 1.635585890581479740e+00
3.025000000000000355e+00 1.292725628091112133e+00
3.075000000000000178e+00 1.050971952348292326e+00
3.125000000000000000e+00 8.923341111592538732e-01
3.175000000000000266e+00 7.988663869651914107e-01
3.225000000000000089e+00 7.395432207688393822e-01
3.275000000000000355e+00 7.161126672813518113e-01
3.325000000000000178e+00 7.094599523980648081e-01
3.375000000000000000e+00 7.165190856470139424e-01
3.425000000000000266e+00 7.247446685093699159e-01
3.475000000000000089e+00 7.429955684073942246e-01
3.525000000000000355e+00 7.645135412602445113e-01
3.575000000000000178e+00 7.880958876389659862e-01
3.625000000000000000e+00 8.103371269629588980e-01
3.675000000000000266e+00 8.394190729456508793e-01
3.725000000000000089e+00 8.673610993608001918e-01
3.775000000000000355e+00 8.989065519319782149e-01
3.825000000000000178e+00 9.250184346881634712e-01
3.875000000000000000e+00 9.502292411824675433e-01
3.925000000000000266e+00 9.812981810632264157e-01
3.975000000000000089e+00 1.012309688105252681e+00
4.025000000000000355e+00 1.036392569893282767e+00
4.075000000000000178e+00 1.066672301163072767e+00
4.125000000000000000e+00 1.091632621342645493e+00
4.175000000000000711e+00 1.105320458896649427e+00
4.224999999999999645e+00 1.126316918593954775e+00
4.275000000000000355e+00 1.142645938620181933e+00
4.325000000000000178e+00 1.154091065563310314e+00
4.375000000000000000e+00 1.165244320237341036e+00
4.425000000000000711e+00 1.169343454676760707e+00
4.474999999999999645e+00 1.164699377563292337e+00
4.525000000000000355e+00 1.166311808892726010e+00
4.575000000000000178e+00 1.158993104822466869e+00
4.625000000000000000e+00 1.150087119647287937e+00
4.675000000000000711e+00 1.135969040362686533e+00
4.724999999999999645e+00 1.125133461087038045e+00
4.775000000000000355e+00 1.108337495782186322e+00
4.825000000000001066e+00 1.089690256891784781e+00
4.875000000000000000e+00 1.072756193482132803e+00
4.925000000000000711e+00 1.049485449464811149e+00
4.974999999999999645e+00 1.033354404560435036e+00
5.025000000000000355e+00 1.016664696975571269e+00
5.075000000000001066e+00 1.001586385167859028e+00
5.125000000000000000e+00 9.792635435541301447e-01
5.175000000000000711e+00 9.642301892900649873e-01
5.224999999999999645e+00 9.469725379337033955e-01
5.275000000000000355e+00 9.327335085301075024e-01
5.325000000000001066e+00 9.217549683256114346e-01
5.375000000000000000e+00 9.106953366108447856e-01
5.425000000000000711e+00 8.988905901543450261e-01
5.474999999999999645e+00 8.891439060762710289e-01
5.525000000000000355e+00 8.796766128689652575e-01
5.575000000000001066e+00 8.753414949262084965e-01
5.625000000000000000e+00 8.734803216088923294e-01
5.675000000000000711e+00 8.760545441933803579e-01
5.724999999999999645e+00 8.777137452948471363e-01
5.775000000000000355e+00 8.784909487395093919e-01
5.825000000000001066e+00 8.878178919011194825e-01
5.875000000000000000e+00 8.968982999162322667e-01
5.925000000000000711e+00 9.090594924773867103e-01
5.974999999999999645e+00 9.230199465592675567e-01
6.025000000000000355e+00 9.349021142806314133e-01
6.075000000000001066e+00 9.486158821489188986e-01
6.125000000000000000e+00 9.602223156590242725e-01
6.175000000000000711e+00 9.751012958062439395e-01
6.224999999999999645e+00 9.864471095714959503e-01
6.275000000000000355e+00 1.002241469383532646e+00
6.325000000000001066e+00 1.009508124896577153e+00
6.375000000000000000e+00 1.021456922258523692e+00
6.425000000000000711e+00 1.035554819020623407e+00
6.474999999999999645e+00 1.041238544155919543e+00
6.525000000000000355e+00 1.049031587794977405e+00
6.575000000000001066e+00 1.053151776573926668e+00
6.625000000000000000e+00 1.057650364374357332e+00
6.675000000000000711e+00 1.061367588489882774e+00
6.724999999999999645e+00 1.064964380560404544e+00
6.775000000000000355e+00 1.064941788053413552e+00
6.825000000000001066e+00 1.063871383987212260e+00
6.875000000000000000e+00 1.061921635591856816e+00
6.925000000000000711e+00 1.061192422879901676e+00
6.974999999999999645e+00 1.056932438958688270e+00
7.025000000000000355e+00 1.048783546718548676e+00
7.075000000000001066e+00 1.048275819857072078e+00
7.125000000000000000e+00 1.041590440149564367e+00
7.175000000000000711e+00 1.034384292369807001e+00
7.224999999999999645e+00 1.028146444326170306e+00
7.275000000000000355e+00 1.025970419213837914e+00
7.325000000000001066e+00 1.016369088054497327e+00
7.375000000000000000e+00 1.011517440151395775e+00
7.425000000000000711e+00 1.006924539134449015e+00
7.474999999999999645e+00 1.001237634191980863e+00
7.525000000000000355e+00 9.981694300941525988e-01
7.575000000000001066e+00 9.928732044614342334e-01
7.625000000000000000e+00 9.901218237653547360e-01
7.675000000000000711e+00 9.888666656589087944e-01
7.724999999999999645e+00 9.853844495147742188e-01
7.775000000000000355e+00 9.848470376468525522e-01
7.825000000000001066e+00 9.835429408132606577e-01
7.875000000000000000e+00 9.800980893583161047e-01
7.925000000000000711e+00 9.837050921822216853e-01
7.974999999999999645e+00 9.813337261036726433e-01
8.025000000000000355e+00 9.868351165896485089e-01
8.074999999999999289e+00 9.847948734990624731e-01
8.125000000000000000e+00 9.868491801530067109e-01
8.175000000000000711e+00 9.890749152026981905e-01
8.225000000000001421e+00 9.894450227708072587e-01
8.275000000000000355e+00 9.910481347780119021e-01
8.324999999999999289e+00 9.914027923059178793e-01
8.375000000000000000e+00 9.947677480522628679e-01
8.425000000000000711e+00 9.948840707153175922e-01
8.475000000000001421e+00 9.984519555278181802e-01
8.525000000000000355e+00 9.980296728796475003e-01
8.574999999999999289e+00 9.996391687138430626e-01
8.625000000000000000e+00 9.992908474531854157e-01
8.675000000000000711e+00 1.002899560711522531e+00
8.725000000000001421e+00 1.001687976127576318e+00
8.775000000000000355e+00 1.004505594306278615e+00
8.824999999999999289e+00 1.004008958009842134e+00
8.875000000000000000e+00 1.004078956699990366e+00
8.925000000000000711e+00 1.006321750036802909e+00
8.975000000000001421e+00 1.002288343708159335e+00
9.025000000000000355e+00 1.003020432299978948e+00
9.074999999999999289e+00 1.002720000275479473e+00
9.125000000000000000e+00 1.003046455887555810e+00
9.175000000000000711e+00 1.000782907454657700e+00
9.225000000000001421e+00 9.993079038146861492e-01
9.275000000000000355e+00 1.001136984665828900e+00
9.324999999999999289e+00 9.993401184813562876e-01
9.375000000000000000e+00 9.981892218071384271e-01
9.425000000000000711e+00 9.973469839527753233e-01
9.475000000000001421e+00 9.976535914178420450e-01
9.525000000000000355e+00 9.977755858939042488e-01
9.575000000000001066e+00 9.963031857484669906e-01
9.625000000000000000e+00 9.989921994498393021e-01
9.675000000000000711e+00 9.963349453605004902e-01
9.725000000000001421e+00 9.961467434452823122e-01
9.775000000000000355e+00 9.994192340815759579e-01
9.825000000000001066e+00 9.992104566396339260e-01
9.875000000000000000e+00 9.980105028300649828e-01
9.925000000000000711e+00 9.974760445499691874e-01
9.975000000000001421e+00 9.997254359188749717e-01
