r [A]    g_OO(r)
2.500000000000000139e-02 0.000000000000000000e+00
7.500000000000001110e-02 0.000000000000000000e+00
1.250000000000000000e-01 0.000000000000000000e+00
1.750000000000000167e-01 0.000000000000000000e+00
2.250000000000000056e-01 0.000000000000000000e+00
2.750000000000000222e-01 0.000000000000000000e+00
3.250000000000000666e-01 0.000000000000000000e+00
3.750000000000000000e-01 0.000000000000000000e+00
4.250000000000000444e-01 0.000000000000000000e+00
4.749999999999999778e-01 0.000000000000000000e+00
5.250000000000000222e-01 0.000000000000000000e+00
5.750000000000000666e-01 0.000000000000000000e+00
6.250000000000000000e-01 0.000000000000000000e+00
6.750000000000000444e-01 0.000000000000000000e+00
7.250000000000000888e-01 0.000000000000000000e+00
7.750000000000000222e-01 0.000000000000000000e+00
8.250000000000000666e-01 0.000000000000000000e+00
8.750000000000000000e-01 0.000000000000000000e+00
9.250000000000000444e-01 0.000000000000000000e+00
9.750000000000000888e-01 0.000000000000000000e+00
1.024999999999999911e+00 0.000000000000000000e+00
1.075000000000000178e+00 0.000000000000000000e+00
1.125000000000000000e+00 0.000000000000000000e+00
1.175000000000000266e+00 0.000000000000000000e+00
1.225000000000000089e+00 0.000000000000000000e+00
1.274999999999999911e+00 0.000000000000000000e+00
1.325000000000000178e+00 0.000000000000000000e+00
1.375000000000000000e+00 0.000000000000000000e+00
1.425000000000000266e+00 0.000000000000000000e+00
1.475000000000000089e+00 0.000000000000000000e+00
1.524999999999999911e+00 0.000000000000000000e+00
1.575000000000000178e+00 0.000000000000000000e+00
1.625000000000000000e+00 0.000000000000000000e+00
1.675000000000000266e+00 0.000000000000000000e+00
1.725000000000000089e+00 0.000000000000000000e+00
1.774999999999999911e+00 0.000000000000000000e+00
1.825000000000000178e+00 0.000000000000000000e+00
1.875000000000000000e+00 0.000000000000000000e+00
1.925000000000000266e+00 0.000000000000000000e+00
1.975000000000000089e+00 0.000000000000000000e+00
2.025000000000000355e+00 0.000000000000000000e+00
2.075000000000000178e+00 0.000000000000000000e+00
2.125000000000000000e+00 0.000000000000000000e+00
2.174999999999999822e+00 0.000000000000000000e+00
2.225000000000000089e+00 0.000000000000000000e+00
2.275000000000000355e+00 0.000000000000000000e+00
2.325000000000000178e+00 0.000000000000000000e+00
2.375000000000000000e+00 1.938711925191684616e-05
2.425000000000000266e+00 1.301714427538027481e-04
2.475000000000000089e+00 3.391915105575167653e-03
2.525000000000000355e+00 4.401252105800999154e-02
2.575000000000000178e+00 2.633534194209761758e-01
2.625000000000000000e+00 9.214606530383916416e-01
2.675000000000000266e+00 2.044135146719648244e+00
2.725000000000000089e+00 3.130320513156847895e+00
2.775000000000000355e+00 3.657906922941843941e+00
2.825000000000000178e+00 3.506798712658083961e+00
2.875000000000000000e+00 2.973987677877245606e+00
2.925000000000000266e+00 2.306423669666600951e+00
2.975000000000000089e+00 1.739245550914858773e+00
3.025000000000000355e+00 1.319257499788666577e+00
3.075000000000000178e+00 1.040969134638415117e+00
3.125000000000000000e+00 8.528417928711937712e-01
3.175000000000000266e+00 7.427587165978823958e-01
3.225000000000000089e+00 6.823065997717639997e-01
3.275000000000000355e+00 6.503351930099995348e-01
3.325000000000000178e+00 6.351176895427362856e-01
3.375000000000000000e+00 6.351508088137277630e-01
3.425000000000000266e+00 6.419776822568867836e-01
3.475000000000000089e+00 6.560755465133366604e-01
3.525000000000000355e+00 6.753167841668179516e-01
3.575000000000000178e+00 6.986915324128686322e-01
3.625000000000000000e+00 7.199543743557543785e-01
3.675000000000000266e+00 7.479550703087112229e-01
3.725000000000000089e+00 7.752118635684493997e-01
3.775000000000000355e+00 8.066653049008339904e-01
3.825000000000000178e+00 8.414073370524826068e-01
3.875000000000000000e+00 8.767283641289419505e-01
3.925000000000000266e+00 9.044227156509565546e-01
3.975000000000000089e+00 9.385042574400241921e-01
4.025000000000000355e+00 9.850489805068423088e-01
4.075000000000000178e+00 1.019570656238040662e+00
4.125000000000000000e+00 1.055841177137103015e+00
4.175000000000000711e+00 1.093084806986781787e+00
4.224999999999999645e+00 1.121951672320109505e+00
4.275000000000000355e+00 1.149039273875367417e+00
4.325000000000000178e+00 1.177639233995406043e+00
4.375000000000000000e+00 1.195823300520980847e+00
4.425000000000000711e+00 1.215123439499683711e+00
4.474999999999999645e+00 1.231831037630336301e+00
4.525000000000000355e+00 1.238508117148304555e+00
4.575000000000000178e+00 1.241413507479991463e+00
4.625000000000000000e+00 1.234293043636030651e+00
4.675000000000000711e+00 1.231980084126597763e+00
4.724999999999999645e+00 1.217541031919885830e+00
4.775000000000000355e+00 1.201313461592301568e+00
4.825000000000001066e+00 1.185798886807946095e+00
4.875000000000000000e+00 1.159460040499423084e+00
4.925000000000000711e+00 1.130086076666013906e+00
4.974999999999999645e+00 1.105784025473363297e+00
5.025000000000000355e+00 1.069738897178556192e+00
5.075000000000001066e+00 1.039843437750141542e+00
5.125000000000000000e+00 1.008636150230382000e+00
5.175000000000000711e+00 9.806890576630958867e-01
5.224999999999999645e+00 9.544189958718880540e-01
5.275000000000000355e+00 9.267395472796942091e-01
5.325000000000001066e+00 8.986576715171380458e-01
5.375000000000000000e+00 8.805628004035470635e-01
5.425000000000000711e+00 8.659556368109019298e-01
5.474999999999999645e+00 8.492373422680238315e-01
5.525000000000000355e+00 8.451387365474207769e-01
5.575000000000001066e+00 8.357826167552792063e-01
5.625000000000000000e+00 8.368236020785945195e-01
5.675000000000000711e+00 8.389682765788667451e-01
5.724999999999999645e+00 8.393758657004761758e-01
5.775000000000000355e+00 8.504415780872234265e-01
5.825000000000001066e+00 8.603639160242740891e-01
5.875000000000000000e+00 8.687146120356699086e-01
5.925000000000000711e+00 8.812164119160327269e-01
5.974999999999999645e+00 8.975541072210382332e-01
6.025000000000000355e+00 9.105913205568370028e-01
6.075000000000001066e+00 9.280932343166952148e-01
6.125000000000000000e+00 9.399257729612022771e-01
6.175000000000000711e+00 9.587375576841080660e-01
6.224999999999999645e+00 9.730162378695320635e-01
6.275000000000000355e+00 9.848868594663985343e-01
6.325000000000001066e+00 1.000244840977545291e+00
6.375000000000000000e+00 1.013615923818605324e+00
6.425000000000000711e+00 1.026912210307193263e+00
6.474999999999999645e+00 1.040244530048744176e+00
6.525000000000000355e+00 1.052096222179753626e+00
6.575000000000001066e+00 1.056853393329912016e+00
6.625000000000000000e+00 1.066375740378247672e+00
6.675000000000000711e+00 1.076275755936100254e+00
6.724999999999999645e+00 1.079206726074399159e+00
6.775000000000000355e+00 1.079606534579063748e+00
6.825000000000001066e+00 1.082254736723894828e+00
6.875000000000000000e+00 1.084922522690641822e+00
6.925000000000000711e+00 1.078584591350204347e+00
6.974999999999999645e+00 1.075995961201299034e+00
7.025000000000000355e+00 1.070264711947314318e+00
7.075000000000001066e+00 1.061102746970523869e+00
7.125000000000000000e+00 1.053534955320476474e+00
7.175000000000000711e+00 1.046624506196544013e+00
7.224999999999999645e+00 1.036139661866383621e+00
7.275000000000000355e+00 1.027830952358908645e+00
7.325000000000001066e+00 1.020664741057063063e+00
7.375000000000000000e+00 1.013010620322529753e+00
7.425000000000000711e+00 1.001133180320884275e+00
7.474999999999999645e+00 9.945254923457247376e-01
7.525000000000000355e+00 9.847618464232144042e-01
7.575000000000001066e+00 9.816598145218771165e-01
7.625000000000000000e+00 9.799291609687577065e-01
7.675000000000000711e+00 9.746364706117862653e-01
7.724999999999999645e+00 9.722533870740188711e-01
7.775000000000000355e+00 9.703989402224200145e-01
7.825000000000001066e+00 9.708466757862532770e-01
7.875000000000000000e+00 9.719348912864624879e-01
7.925000000000000711e+00 9.725196990673335984e-01
7.974999999999999645e+00 9.744337572805246150e-01
8.025000000000000355e+00 9.780434292975885846e-01
8.074999999999999289e+00 9.785693489143836299e-01
8.125000000000000000e+00 9.850116772501478213e-01
8.175000000000000711e+00 9.878789390273393645e-01
8.225000000000001421e+00 9.904939671891120900e-01
8.275000000000000355e+00 9.942019834495692265e-01
8.324999999999999289e+00 9.984708402150335171e-01
8.375000000000000000e+00 1.000195732150187533e+00
8.425000000000000711e+00 1.004436342498030044e+00
8.475000000000001421e+00 1.007333650767340716e+00
8.525000000000000355e+00 1.009293551632010066e+00
8.574999999999999289e+00 1.010761612376687824e+00
8.625000000000000000e+00 1.011312005494724442e+00
8.675000000000000711e+00 1.016287417557974582e+00
8.725000000000001421e+00 1.012777916321132565e+00
8.775000000000000355e+00 1.014862298687540410e+00
8.824999999999999289e+00 1.013159789932002841e+00
8.875000000000000000e+00 1.014521724028571548e+00
8.925000000000000711e+00 1.015612523955385038e+00
8.975000000000001421e+00 1.011273773517683106e+00
9.025000000000000355e+00 1.011090479389602947e+00
9.074999999999999289e+00 1.007536730868730857e+00
9.125000000000000000e+00 1.008926425172604224e+00
9.175000000000000711e+00 1.005458360242241111e+00
9.225000000000001421e+00 1.003951579316970655e+00
9.275000000000000355e+00 1.002657755823164631e+00
9.324999999999999289e+00 1.000998088730995050e+00
9.375000000000000000e+00 9.968754450254974087e-01
9.425000000000000711e+00 9.953997936591758577e-01
9.475000000000001421e+00 9.923855404209149800e-01
9.525000000000000355e+00 9.914564321562125970e-01
9.575000000000001066e+00 9.908861917780710238e-01
9.625000000000000000e+00 9.895884072635859896e-01
9.675000000000000711e+00 9.879910705647195757e-01
9.725000000000001421e+00 9.867245458835151029e-01
9.775000000000000355e+00 9.879832960097281180e-01
9.825000000000001066e+00 9.884686469210955950e-01
9.875000000000000000e+00 9.849034024002975007e-01
9.925000000000000711e+00 9.867407047202920722e-01
9.975000000000001421e+00 9.879103550578963722e-01
