r [A]    g_OO(r)
2.500000000000000139e-02 0.000000000000000000e+00
7.500000000000001110e-02 0.000000000000000000e+00
1.250000000000000000e-01 0.000000000000000000e+00
1.750000000000000167e-01 0.000000000000000000e+00
2.250000000000000056e-01 0.000000000000000000e+00
2.750000000000000222e-01 0.000000000000000000e+00
3.250000000000000666e-01 0.000000000000000000e+00
3.750000000000000000e-01 0.000000000000000000e+00
4.250000000000000444e-01 0.000000000000000000e+00
4.749999999999999778e-01 0.000000000000000000e+00
5.250000000000000222e-01 0.000000000000000000e+00
5.750000000000000666e-01 0.000000000000000000e+00
6.250000000000000000e-01 0.000000000000000000e+00
6.750000000000000444e-01 0.000000000000000000e+00
7.250000000000000888e-01 0.000000000000000000e+00
7.750000000000000222e-01 0.000000000000000000e+00
8.250000000000000666e-01 0.000000000000000000e+00
8.750000000000000000e-01 0.000000000000000000e+00
9.250000000000000444e-01 0.000000000000000000e+00
9.750000000000000888e-01 0.000000000000000000e+00
1.024999999999999911e+00 0.000000000000000000e+00
1.075000000000000178e+00 0.000000000000000000e+00
1.125000000000000000e+00 0.000000000000000000e+00
1.175000000000000266e+00 0.000000000000000000e+00
1.225000000000000089e+00 0.000000000000000000e+00
1.274999999999999911e+00 0.000000000000000000e+00
1.325000000000000178e+00 0.000000000000000000e+00
1.375000000000000000e+00 0.000000000000000000e+00
1.425000000000000266e+00 0.000000000000000000e+00
1.475000000000000089e+00 0.000000000000000000e+00
1.524999999999999911e+00 0.000000000000000000e+00
1.575000000000000178e+00 0.000000000000000000e+00
1.625000000000000000e+00 0.000000000000000000e+00
1.675000000000000266e+00 0.000000000000000000e+00
1.725000000000000089e+00 0.000000000000000000e+00
1.774999999999999911e+00 0.000000000000000000e+00
1.825000000000000178e+00 0.000000000000000000e+00
1.875000000000000000e+00 0.000000000000000000e+00
1.925000000000000266e+00 0.000000000000000000e+00
1.975000000000000089e+00 0.000000000000000000e+00
2.025000000000000355e+00 0.000000000000000000e+00
2.075000000000000178e+00 0.000000000000000000e+00
2.125000000000000000e+00 0.000000000000000000e+00
2.174999999999999822e+00 0.000000000000000000e+00
2.225000000000000089e+00 0.000000000000000000e+00
2.275000000000000355e+00 0.000000000000000000e+00
2.325000000000000178e+00 0.000000000000000000e+00
2.375000000000000000e+00 3.661978704001124627e-04
2.425000000000000266e+00 1.111069131976291820e-02
2.475000000000000089e+00 9.665357934319902811e-02
2.525000000000000355e+00 4.401734374841691499e-01
2.575000000000000178e+00 1.122091656279748273e+00
2.625000000000000000e+00 1.994460656128026033e+00
2.675000000000000266e+00 2.661444356962775259e+00
2.725000000000000089e+00 2.956298102403971395e+00
2.775000000000000355e+00 2.843922661642145577e+00
2.825000000000000178e+00 2.512740687842688558e+00
2.875000000000000000e+00 2.100321023635288942e+00
2.925000000000000266e+00 1.730185660065610254e+00
2.975000000000000089e+00 1.417107896556047741e+00
3.025000000000000355e+00 1.182125407944261797e+00
3.075000000000000178e+00 1.016338285739027292e+00
3.125000000000000000e+00 8.975649828417681109e-01
3.175000000000000266e+00 8.243519704722258590e-01
3.225000000000000089e+00 7.670138652239137933e-01
3.275000000000000355e+00 7.432457451444293151e-01
3.325000000000000178e+00 7.287115438093476616e-01
3.375000000000000000e+00 7.233436945264812845e-01
3.425000000000000266e+00 7.273924901559335465e-01
3.475000000000000089e+00 7.402195674985408980e-01
3.525000000000000355e+00 7.584621813737475460e-01
3.575000000000000178e+00 7.758951726720106912e-01
3.625000000000000000e+00 7.984300789609227733e-01
3.675000000000000266e+00 8.241446857689852523e-01
3.725000000000000089e+00 8.572184627573263827e-01
3.775000000000000355e+00 8.839215827000750370e-01
3.825000000000000178e+00 9.128606965233302395e-01
3.875000000000000000e+00 9.486736538978253197e-01
3.925000000000000266e+00 9.799283439896265824e-01
3.975000000000000089e+00 1.006554188680903295e+00
4.025000000000000355e+00 1.038434574609202521e+00
4.075000000000000178e+00 1.065111289336454048e+00
4.125000000000000000e+00 1.092484668500858458e+00
4.175000000000000711e+00 1.110614798992651364e+00
4.224999999999999645e+00 1.135679946270548246e+00
4.275000000000000355e+00 1.155456357838282155e+00
4.325000000000000178e+00 1.159245786792211241e+00
4.375000000000000000e+00 1.175045680015256888e+00
4.425000000000000711e+00 1.181044609176252314e+00
4.474999999999999645e+00 1.183209898260376480e+00
4.525000000000000355e+00 1.179161645162999372e+00
4.575000000000000178e+00 1.174528881753791554e+00
4.625000000000000000e+00 1.170099283854280081e+00
4.675000000000000711e+00 1.148154305235880468e+00
4.724999999999999645e+00 1.131804196776402316e+00
4.775000000000000355e+00 1.119249890424903082e+00
4.825000000000001066e+00 1.102622521822097967e+00
4.875000000000000000e+00 1.076182086081993949e+00
4.925000000000000711e+00 1.059103247847061446e+00
4.974999999999999645e+00 1.038927787566443772e+00
5.025000000000000355e+00 1.016413830940409602e+00
5.075000000000001066e+00 9.972023868048900397e-01
5.125000000000000000e+00 9.720325786648430499e-01
5.175000000000000711e+00 9.580493420735048948e-01
5.224999999999999645e+00 9.369659712979812038e-01
5.275000000000000355e+00 9.254728763284797433e-01
5.325000000000001066e+00 9.114108039172187370e-01
5.375000000000000000e+00 8.974007928091414232e-01
5.425000000000000711e+00 8.930849241747370604e-01
5.474999999999999645e+00 8.864768571041714562e-01
5.525000000000000355e+00 8.857730635848402034e-01
5.575000000000001066e+00 8.809886262713761962e-01
5.625000000000000000e+00 8.851844429729165409e-01
5.675000000000000711e+00 8.925226586359267245e-01
5.724999999999999645e+00 8.908462779000482223e-01
5.775000000000000355e+00 8.952159086612070382e-01
5.825000000000001066e+00 9.063507754391515459e-01
5.875000000000000000e+00 9.131042253705213829e-01
5.925000000000000711e+00 9.236947786942458771e-01
5.974999999999999645e+00 9.333567829988510534e-01
6.025000000000000355e+00 9.431352114754595339e-01
6.075000000000001066e+00 9.559839354330159633e-01
6.125000000000000000e+00 9.662489689223542344e-01
6.175000000000000711e+00 9.795131901281483033e-01
6.224999999999999645e+00 9.857473744438081109e-01
6.275000000000000355e+00 1.000340042562013698e+00
6.325000000000001066e+00 1.007762496977871347e+00
6.375000000000000000e+00 1.022825860116007846e+00
6.425000000000000711e+00 1.026889296177460942e+00
6.474999999999999645e+00 1.035191835151541895e+00
6.525000000000000355e+00 1.042451244166817448e+00
6.575000000000001066e+00 1.047323860015651809e+00
6.625000000000000000e+00 1.050848715724387317e+00
6.675000000000000711e+00 1.050607854026303301e+00
6.724999999999999645e+00 1.060198134771185074e+00
6.775000000000000355e+00 1.056291389272707493e+00
6.825000000000001066e+00 1.056457710715447584e+00
6.875000000000000000e+00 1.052093463695293218e+00
6.925000000000000711e+00 1.048209403701308107e+00
6.974999999999999645e+00 1.045606424511841270e+00
7.025000000000000355e+00 1.041213107882214439e+00
7.075000000000001066e+00 1.038819923366064657e+00
7.125000000000000000e+00 1.032699048372459405e+00
7.175000000000000711e+00 1.026997865632654161e+00
7.224999999999999645e+00 1.021663278977263278e+00
7.275000000000000355e+00 1.014884434333747087e+00
7.325000000000001066e+00 1.010040734607710711e+00
7.375000000000000000e+00 1.005488501834505000e+00
7.425000000000000711e+00 1.004640740780267993e+00
7.474999999999999645e+00 9.998828041365627195e-01
7.525000000000000355e+00 9.945862087328142254e-01
7.575000000000001066e+00 9.923260084575579176e-01
7.625000000000000000e+00 9.917802653753395870e-01
7.675000000000000711e+00 9.888537251235577363e-01
7.724999999999999645e+00 9.886505278856587697e-01
7.775000000000000355e+00 9.880344369613313082e-01
7.825000000000001066e+00 9.858423095626115407e-01
7.875000000000000000e+00 9.861416949946105737e-01
7.925000000000000711e+00 9.881605335281521407e-01
7.974999999999999645e+00 9.860360047822906981e-01
8.025000000000000355e+00 9.902130803120271496e-01
8.074999999999999289e+00 9.909951491845796490e-01
8.125000000000000000e+00 9.920354568749136792e-01
8.175000000000000711e+00 9.961842580006488035e-01
8.225000000000001421e+00 9.953781569660210549e-01
8.275000000000000355e+00 9.962763227026286694e-01
8.324999999999999289e+00 9.996742011785226811e-01
8.375000000000000000e+00 1.001301948373806594e+00
8.425000000000000711e+00 1.000944458645249613e+00
8.475000000000001421e+00 1.002257289852831024e+00
8.525000000000000355e+00 1.001802570232383172e+00
8.574999999999999289e+00 1.003772758512851526e+00
8.625000000000000000e+00 1.004908100295193396e+00
8.675000000000000711e+00 1.003808222737859079e+00
8.725000000000001421e+00 1.005702297807247625e+00
8.775000000000000355e+00 1.004887388098336443e+00
8.824999999999999289e+00 1.005553514474077259e+00
8.875000000000000000e+00 1.003834432248314146e+00
8.925000000000000711e+00 1.005381322098179098e+00
8.975000000000001421e+00 1.004178027179593258e+00
9.025000000000000355e+00 1.003183871959436591e+00
9.074999999999999289e+00 1.001235761948027658e+00
9.125000000000000000e+00 1.000163082344001086e+00
9.175000000000000711e+00 1.001207172131782563e+00
9.225000000000001421e+00 9.989186057617783776e-01
9.275000000000000355e+00 9.973692297285812192e-01
9.324999999999999289e+00 9.986649459739636026e-01
9.375000000000000000e+00 9.964288978778058636e-01
9.425000000000000711e+00 9.972681597372157203e-01
9.475000000000001421e+00 9.941130226106004164e-01
9.525000000000000355e+00 9.962140677716520010e-01
9.575000000000001066e+00 9.959320075219313395e-01
9.625000000000000000e+00 9.947112980969289309e-01
9.675000000000000711e+00 9.962303079428402874e-01
9.725000000000001421e+00 9.959090688178455775e-01
9.775000000000000355e+00 9.944033035258252884e-01
9.825000000000001066e+00 9.950029094909697003e-01
9.875000000000000000e+00 9.970824173552698122e-01
9.925000000000000711e+00 9.984085167820400120e-01
9.975000000000001421e+00 9.968673769398063156e-01
